100
0.125701 0.771258
0.099082 0.747655
0.159397 0.638759
0.143665 0.63809
0.049977 0.632922
0.116068 0.416006
0.011389 0.273135
0.048801 0.218127
0.027173 0.020447
0.274541 0.034433
0.173174 0.153132
0.193478 0.257016
0.246278 0.211971
0.263142 0.181776
0.249747 0.135396
0.302831 0.092588
0.358612 0.062656
0.443024 0.035043
0.473945 0.108883
0.483328 0.205813
0.49742 0.21879
0.511917 0.232151
0.431623 0.25532
0.433361 0.345142
0.441618 0.334964
0.446887 0.321845
0.511183 0.300648
0.582866 0.261464
0.579234 0.230479
0.576283 0.219853
0.572665 0.191198
0.579947 0.144807
0.57119 0.071709
0.666002 0.082494
0.623764 0.053238
0.650659 0.004511
0.780085 0.079514
0.808923 0.116849
0.73488 0.145297
0.704964 0.221282
0.713396 0.200128
0.700483 0.311474
0.77717 0.253815
0.781973 0.167764
0.978129 0.002205
0.926701 0.092206
0.90127 0.187702
0.942465 0.186762
0.907794 0.28589
0.976135 0.332799
0.92797 0.423864
0.909695 0.575101
0.988239 0.948554
0.78271 0.979863
0.839454 0.806811
0.76136 0.752614
0.765995 0.88225
0.63133 0.804146
0.623324 0.830608
0.626388 0.836683
0.576912 0.900695
0.606526 0.793497
0.54485 0.670175
0.647292 0.611001
0.763602 0.551619
0.756101 0.41328
0.743429 0.40204
0.693536 0.376948
0.702353 0.398331
0.642047 0.366989
0.600138 0.387109
0.691326 0.451237
0.684311 0.562267
0.635113 0.598268
0.511625 0.524298
0.384461 0.46142
0.260302 0.557057
0.286635 0.561936
0.235401 0.787093
0.267721 0.700863
0.303109 0.669193
0.300612 0.643802
0.300762 0.591911
0.321752 0.550471
0.3939 0.545762
0.49189 0.608712
0.439893 0.737027
0.5217 0.772525
0.509716 0.864872
0.506623 0.895755
0.539567 0.947378
0.416184 0.978716
0.41005 0.982717
0.397789 0.933551
0.446839 0.913906
0.364114 0.85483
0.37352 0.914762
0.250546 0.947232
0.069896 0.973396
0.005826 0.96407
