1600
0.008172 0.736723
0.059907 0.748787
0.052537 0.746176
0.066254 0.746693
0.08011 0.737787
0.103288 0.732185
0.105489 0.771089
0.066593 0.799933
0.081494 0.791329
0.099808 0.797344
0.179817 0.751319
0.153583 0.766328
0.149716 0.765683
0.147252 0.758995
0.154205 0.714412
0.149368 0.733595
0.133839 0.739175
0.118392 0.744763
0.117875 0.743492
0.112828 0.733126
0.104363 0.729792
0.115161 0.702959
0.120872 0.665697
0.109186 0.670103
0.168454 0.643673
0.150821 0.645822
0.146833 0.644878
0.140354 0.635864
0.124229 0.641349
0.107858 0.622934
0.141965 0.609081
0.179021 0.631607
0.184867 0.596887
0.172015 0.599024
0.161976 0.580034
0.165942 0.598683
0.159651 0.600721
0.136637 0.597492
0.120221 0.594433
0.101137 0.599781
0.092163 0.618327
0.085735 0.63086
0.055375 0.618333
0.06047 0.629759
0.067073 0.636349
0.07567 0.644118
0.087583 0.659559
0.081072 0.666778
0.064085 0.691696
0.071102 0.695085
0.068172 0.71376
0.039398 0.722712
0.012406 0.697587
0.02868 0.694558
0.026146 0.691832
0.023556 0.691314
0.011856 0.684434
0.011331 0.639534
0.016966 0.578874
0.023642 0.575002
0.031801 0.586908
0.04645 0.61525
0.052454 0.593001
0.046521 0.585189
0.034949 0.571707
0.091104 0.560434
0.070545 0.561011
0.043614 0.554935
0.030386 0.554283
0.01862 0.542368
0.005139 0.532261
0.009923 0.5069
0.0124 0.505739
0.027589 0.522273
0.03591 0.513181
0.061439 0.530545
0.065325 0.514647
0.05847 0.514633
0.059832 0.481866
0.038216 0.50762
0.025059 0.50409
0.021874 0.489758
0.012306 0.477299
0.023558 0.469842
0.03309 0.480677
0.032924 0.462525
0.063402 0.439964
0.036341 0.453616
0.014219 0.445209
0.020169 0.435094
0.006802 0.429976
0.029555 0.406742
0.023938 0.397897
0.018701 0.39888
0.015755 0.389204
0.039445 0.388414
0.039493 0.37403
0.039087 0.365604
0.025369 0.365648
0.010329 0.363271
0.011437 0.302573
0.032587 0.293868
0.014588 0.26191
0.02933 0.229816
0.06047 0.244505
0.059689 0.235379
0.040073 0.216621
0.033375 0.19486
0.048944 0.190837
0.032668 0.178919
0.032722 0.178348
0.017288 0.159133
0.009875 0.128668
0.044849 0.143144
0.077407 0.207345
0.127503 0.193949
0.09931 0.192467
0.082525 0.200299
0.068769 0.18301
0.087929 0.15595
0.082769 0.148066
0.08621 0.12123
0.07067 0.118925
0.067887 0.138668
0.050274 0.139147
0.044941 0.13822
0.03316 0.126644
0.03283 0.048955
0.03833 0.03382
0.024011 0.020862
0.037214 0.011198
0.042823 0.010091
0.054222 0.005349
0.070509 0.018324
0.088547 0.020233
0.064604 0.04488
0.061808 0.053884
0.096667 0.101284
0.097235 0.085158
0.09088 0.077557
0.106336 0.077144
0.098544 0.069742
0.089165 0.075367
0.077156 0.057008
0.085953 0.050014
0.094186 0.034614
0.110917 0.045687
0.133876 0.003193
0.15025 0.009875
0.153266 0.023997
0.16205 0.029559
0.169117 0.010177
0.176844 0.048319
0.185386 0.032691
0.177698 0.020057
0.198351 0.004418
0.164003 0.084943
0.163795 0.092996
0.180793 0.099162
0.13498 0.089298
0.12099 0.122425
0.136083 0.124508
0.147135 0.128978
0.130163 0.152844
0.152042 0.154722
0.155369 0.148682
0.161479 0.150757
0.174498 0.140428
0.180341 0.127604
0.174974 0.172096
0.183807 0.175713
0.211859 0.180777
0.191502 0.153536
0.216695 0.13921
0.218369 0.132527
0.216284 0.131833
0.238547 0.12113
0.246572 0.136398
0.261862 0.139304
0.258747 0.12784
0.296567 0.164174
0.270548 0.17158
0.324527 0.174164
0.334658 0.218725
0.303902 0.251648
0.331175 0.24551
0.335734 0.247185
0.363609 0.251048
0.332639 0.276881
0.355469 0.266383
0.375984 0.270156
0.360895 0.295692
0.32659 0.306146
0.312342 0.317822
0.313201 0.317361
0.257193 0.35231
0.281513 0.341048
0.311598 0.332285
0.32902 0.321146
0.33205 0.312851
0.366055 0.322519
0.362792 0.305273
0.382401 0.297847
0.354867 0.346668
0.361334 0.358382
0.379611 0.396039
0.366591 0.35931
0.413431 0.397942
0.372035 0.354549
0.382432 0.343995
0.388869 0.319969
0.387869 0.31601
0.397063 0.308553
0.412024 0.309711
0.432425 0.37814
0.461371 0.341808
0.452049 0.352511
0.438254 0.36034
0.424735 0.343367
0.430537 0.299565
0.43465 0.293765
0.452671 0.285417
0.455825 0.273078
0.491303 0.266597
0.518431 0.270067
0.517999 0.256469
0.506134 0.233872
0.503358 0.239243
0.486474 0.196923
0.509575 0.161575
0.504854 0.163968
0.518739 0.14702
0.543217 0.16252
0.55331 0.129259
0.567492 0.110039
0.614087 0.107097
0.594452 0.108304
0.580034 0.102967
0.563153 0.101967
0.558107 0.095779
0.549651 0.088233
0.533222 0.086129
0.529378 0.118934
0.532347 0.122675
0.521925 0.139881
0.513122 0.140625
0.478378 0.151081
0.478254 0.152644
0.474371 0.166116
0.459556 0.170426
0.48091 0.195553
0.479389 0.204108
0.475616 0.227024
0.464867 0.245907
0.445563 0.242065
0.428926 0.249893
0.448394 0.256019
0.442117 0.262243
0.429749 0.277927
0.423983 0.273895
0.405697 0.286223
0.400646 0.279743
0.395373 0.266137
0.376235 0.269048
0.373595 0.255727
0.387739 0.23713
0.37438 0.241569
0.357873 0.232282
0.38623 0.229073
0.396743 0.220243
0.402125 0.204205
0.395522 0.205654
0.391485 0.207308
0.379677 0.214461
0.354833 0.206833
0.354716 0.204825
0.357329 0.201641
0.361502 0.195803
0.36163 0.176615
0.363788 0.171076
0.348317 0.152787
0.342865 0.123618
0.352316 0.115731
0.37228 0.100864
0.352067 0.110142
0.341356 0.110864
0.331091 0.103282
0.3706 0.088576
0.365705 0.084461
0.334708 0.082122
0.319643 0.105454
0.333499 0.118599
0.324507 0.119493
0.330349 0.126837
0.310315 0.146646
0.289771 0.130778
0.284875 0.09377
0.272376 0.074315
0.271943 0.081163
0.264393 0.086657
0.269584 0.104072
0.243437 0.114542
0.242102 0.115451
0.227535 0.107234
0.204221 0.110315
0.199733 0.10217
0.190636 0.089765
0.188092 0.084808
0.182132 0.069407
0.19782 0.056501
0.205807 0.052895
0.214387 0.066198
0.217051 0.048604
0.204446 0.043153
0.209543 0.024237
0.236498 0.017337
0.240617 0.069662
0.244843 0.048926
0.245057 0.036687
0.270157 0.030207
0.295293 0.015803
0.31207 0.048399
0.37537 0.00352
0.393602 0.019699
0.399139 0.015742
0.409473 0.026772
0.434409 0.013363
0.439671 0.023246
0.426041 0.055135
0.367245 0.031811
0.3644 0.043565
0.387403 0.052248
0.399171 0.053489
0.405844 0.068609
0.407366 0.10245
0.381687 0.134803
0.399477 0.157492
0.436945 0.19984
0.436372 0.189329
0.427264 0.175722
0.417717 0.175742
0.417546 0.144372
0.415495 0.142794
0.417073 0.128662
0.456302 0.126447
0.439957 0.107259
0.450183 0.079851
0.445903 0.074496
0.473565 0.082883
0.483736 0.080306
0.486686 0.0736
0.460856 0.061713
0.45694 0.045386
0.464731 0.062996
0.489109 0.056936
0.464622 0.030769
0.462426 0.020005
0.457661 0.004436
0.501899 0.008294
0.512536 0.010317
0.485533 0.026032
0.490389 0.031497
0.506234 0.026117
0.520751 0.045616
0.543196 0.052177
0.554326 0.049317
0.543504 0.043995
0.528876 0.022804
0.521067 0.015133
0.527586 0.005234
0.573603 0.002677
0.566624 0.04145
0.588297 0.010568
0.60595 0.008
0.592869 0.044419
0.575754 0.040225
0.598938 0.04918
0.605588 0.031654
0.635362 0.033488
0.59706 0.074278
0.617361 0.064273
0.633692 0.063123
0.634561 0.059355
0.647909 0.051938
0.662946 0.047349
0.67972 0.030544
0.681833 0.037888
0.686736 0.029117
0.697355 0.006311
0.714313 0.014692
0.724619 0.017818
0.740045 0.028828
0.738875 0.055077
0.741137 0.072388
0.71925 0.072862
0.725089 0.079432
0.738398 0.091298
0.711985 0.104611
0.671594 0.107519
0.655797 0.100829
0.625652 0.098343
0.65219 0.106142
0.652979 0.105684
0.660446 0.116537
0.644468 0.136216
0.648374 0.140483
0.65877 0.150063
0.660411 0.222494
0.635284 0.208337
0.61733 0.158139
0.600976 0.150727
0.609076 0.165966
0.616808 0.17343
0.617287 0.181453
0.598159 0.186846
0.560017 0.189549
0.558384 0.192988
0.528143 0.194646
0.544439 0.223136
0.554158 0.251365
0.559749 0.248807
0.568438 0.299565
0.568552 0.296544
0.576927 0.285983
0.580334 0.284872
0.606406 0.320487
0.604709 0.312083
0.617549 0.361991
0.637284 0.345364
0.614054 0.369884
0.596341 0.364987
0.604335 0.392507
0.56909 0.346911
0.576369 0.366204
0.564333 0.372754
0.552054 0.399125
0.543031 0.388597
0.539032 0.350681
0.546497 0.323641
0.529448 0.328562
0.529088 0.344133
0.517 0.37348
0.487892 0.386351
0.492738 0.385307
0.503995 0.395975
0.526489 0.412167
0.524793 0.416503
0.534905 0.417646
0.540638 0.417159
0.557556 0.42508
0.577568 0.416714
0.607742 0.454428
0.611578 0.431766
0.622298 0.489785
0.619423 0.469169
0.625624 0.458741
0.648994 0.472354
0.651037 0.471915
0.699006 0.462357
0.722095 0.547509
0.72448 0.540074
0.734904 0.533098
0.728421 0.500281
0.724532 0.465096
0.702066 0.446554
0.721078 0.42684
0.692341 0.397801
0.672345 0.391826
0.660663 0.393231
0.664279 0.410315
0.686873 0.42104
0.680552 0.447565
0.650966 0.436746
0.626232 0.427963
0.628818 0.414359
0.626824 0.408866
0.619229 0.391705
0.622292 0.36818
0.685382 0.354081
0.657693 0.357451
0.641912 0.333509
0.64481 0.32698
0.627197 0.3253
0.615565 0.305328
0.675463 0.319886
0.69661 0.292224
0.726679 0.293571
0.689961 0.280998
0.684568 0.277384
0.654414 0.29883
0.64307 0.289546
0.615147 0.281868
0.612731 0.284661
0.60191 0.277724
0.583647 0.260954
0.5792 0.235382
0.560249 0.219473
0.564351 0.202891
0.587999 0.203189
0.606864 0.192982
0.621058 0.197712
0.63192 0.210553
0.634748 0.21731
0.648378 0.240462
0.672033 0.237765
0.665067 0.215317
0.66397 0.20647
0.674116 0.201661
0.677674 0.195779
0.710306 0.220923
0.72619 0.2192
0.726836 0.211075
0.711903 0.177304
0.718296 0.193536
0.709191 0.20776
0.698734 0.199825
0.688449 0.182418
0.67526 0.156083
0.669284 0.145689
0.663955 0.119448
0.683512 0.121725
0.708161 0.112002
0.71728 0.129331
0.720321 0.134343
0.7243 0.133304
0.732477 0.11287
0.747588 0.119381
0.759588 0.151559
0.773339 0.161802
0.777074 0.132276
0.788301 0.120398
0.785549 0.11127
0.777714 0.102218
0.767446 0.109067
0.744845 0.093625
0.746066 0.093484
0.759467 0.085591
0.760768 0.080847
0.76454 0.066816
0.775089 0.0558
0.794498 0.058341
0.803556 0.083334
0.809054 0.039265
0.784573 0.037438
0.761337 0.037518
0.74465 0.018782
0.74635 0.004025
0.79515 0.001642
0.859919 0.044904
0.845169 0.029846
0.846911 0.025822
0.899167 0.015248
0.904038 0.029214
0.882795 0.06368
0.907873 0.053813
0.915586 0.06225
0.884836 0.077978
0.854511 0.075779
0.855214 0.109677
0.819193 0.086603
0.828878 0.09862
0.822023 0.130973
0.849795 0.113471
0.856285 0.119233
0.861638 0.116483
0.882895 0.132461
0.903189 0.12836
0.918705 0.113307
0.913576 0.10682
0.914736 0.096977
0.925003 0.073616
0.929442 0.057273
0.94793 0.060393
0.941957 0.056771
0.935945 0.048142
0.925347 0.037344
0.925319 0.036888
0.938079 0.021339
0.959155 0.037034
0.970104 0.039484
0.964219 0.020447
0.998564 0.011082
0.994911 0.028588
0.98868 0.092098
0.967494 0.080392
0.958985 0.093436
0.971828 0.105916
0.99346 0.105133
0.99763 0.111754
0.998735 0.148288
0.97746 0.130799
0.97089 0.148414
0.960632 0.170322
0.953792 0.159004
0.947978 0.136049
0.933908 0.169208
0.916476 0.180282
0.912067 0.225686
0.888867 0.234116
0.874996 0.228763
0.882883 0.203918
0.832958 0.228037
0.840418 0.181915
0.825115 0.161357
0.821593 0.161452
0.807044 0.17068
0.809419 0.169512
0.827545 0.180182
0.811604 0.191159
0.811934 0.21242
0.791452 0.227819
0.782774 0.200869
0.775333 0.21456
0.742818 0.250767
0.761974 0.239983
0.749059 0.26317
0.761185 0.268341
0.766077 0.293682
0.783317 0.281005
0.806625 0.286488
0.78918 0.266606
0.784275 0.243772
0.798314 0.234428
0.809859 0.24624
0.814097 0.248191
0.840414 0.274983
0.843964 0.30925
0.858104 0.310302
0.861179 0.327732
0.877943 0.350652
0.912022 0.34393
0.897819 0.320216
0.892482 0.317381
0.89896 0.319509
0.931117 0.302383
0.907362 0.296103
0.893748 0.29424
0.87365 0.311951
0.863814 0.284583
0.870937 0.257063
0.889241 0.251078
0.918274 0.258582
0.945549 0.246524
0.939004 0.241017
0.938292 0.221935
0.949393 0.207313
0.948161 0.19181
0.956403 0.181981
0.975161 0.17778
0.988916 0.236678
0.992513 0.240551
0.996248 0.242885
0.978943 0.260056
0.962303 0.273385
0.943782 0.275708
0.960034 0.277826
0.970666 0.291363
0.996377 0.282247
0.99166 0.301614
0.982078 0.311242
0.948816 0.336209
0.959864 0.338679
0.977678 0.36591
0.999832 0.382962
0.92453 0.370118
0.924042 0.398541
0.93747 0.404043
0.939552 0.393987
0.965795 0.392809
0.98398 0.416323
0.97863 0.426326
0.989697 0.431354
0.981928 0.441846
0.994748 0.466898
0.98528 0.49724
0.980883 0.503788
0.997343 0.530119
0.981776 0.55916
0.992898 0.570762
0.942365 0.582422
0.930356 0.578437
0.919203 0.579827
0.947868 0.518389
0.939083 0.505652
0.956085 0.484808
0.955147 0.452334
0.952068 0.458191
0.925088 0.469087
0.907774 0.507612
0.933645 0.514505
0.937998 0.520344
0.930382 0.537344
0.926414 0.545312
0.900653 0.54337
0.901922 0.550953
0.88837 0.551168
0.866895 0.522299
0.861944 0.546428
0.860204 0.550137
0.815558 0.529469
0.820902 0.492891
0.844845 0.482872
0.861255 0.456604
0.897361 0.449875
0.895709 0.444458
0.888076 0.438154
0.869423 0.417931
0.878862 0.398689
0.882388 0.388773
0.868195 0.37792
0.838445 0.380685
0.836602 0.36586
0.831774 0.352868
0.825675 0.370882
0.792265 0.361034
0.777464 0.337925
0.806348 0.335626
0.803835 0.324006
0.792104 0.320154
0.703224 0.339418
0.728223 0.36003
0.722373 0.383214
0.736826 0.393502
0.74228 0.372208
0.74962 0.401627
0.778898 0.416558
0.765226 0.39776
0.759256 0.374076
0.777454 0.36547
0.790436 0.38868
0.802444 0.400436
0.827355 0.424146
0.829914 0.413571
0.833697 0.403738
0.836059 0.398159
0.856278 0.402564
0.860201 0.408759
0.850025 0.42364
0.853457 0.429469
0.857816 0.447539
0.834015 0.464163
0.829 0.465956
0.821651 0.456085
0.806066 0.47647
0.782665 0.47747
0.783085 0.425836
0.77278 0.44783
0.770418 0.466264
0.773062 0.487962
0.753854 0.489377
0.766393 0.496677
0.773372 0.505075
0.777027 0.520146
0.777945 0.520718
0.776862 0.526248
0.782574 0.528726
0.775058 0.554955
0.786053 0.550023
0.799088 0.56949
0.804092 0.576326
0.813588 0.601228
0.818585 0.588326
0.824721 0.57505
0.845033 0.562988
0.860992 0.573969
0.8685 0.59689
0.872309 0.573035
0.889074 0.576782
0.897383 0.571862
0.91644 0.594772
0.897065 0.617005
0.867162 0.635185
0.893546 0.628166
0.871087 0.655575
0.83406 0.702443
0.808843 0.692062
0.80218 0.690944
0.779425 0.680209
0.770187 0.652913
0.762321 0.664579
0.755918 0.691494
0.767527 0.696035
0.746083 0.724556
0.775929 0.747018
0.781456 0.721255
0.798697 0.696176
0.802457 0.703579
0.806725 0.705711
0.852185 0.747208
0.858272 0.758707
0.874862 0.755109
0.863225 0.746139
0.905183 0.752636
0.905608 0.745233
0.903652 0.724939
0.886898 0.71988
0.870325 0.733426
0.845819 0.720793
0.834616 0.702283
0.852268 0.687519
0.879456 0.692535
0.887429 0.687857
0.889476 0.660183
0.90357 0.636212
0.928412 0.60773
0.936703 0.632994
0.934623 0.615728
0.942159 0.609912
0.950826 0.601857
0.95726 0.59934
0.970094 0.601255
0.974274 0.602537
0.994149 0.609766
0.994482 0.628092
0.992877 0.663748
0.969243 0.64143
0.96264 0.647116
0.947333 0.661798
0.962929 0.647981
0.966796 0.647033
0.980167 0.656658
0.980451 0.669692
0.983522 0.668465
0.987775 0.672214
0.980488 0.681775
0.982645 0.684675
0.974047 0.691056
0.993728 0.734351
0.978106 0.742849
0.966824 0.731002
0.954622 0.726076
0.935429 0.694585
0.935936 0.729043
0.939959 0.739258
0.951705 0.750879
0.952063 0.753136
0.95408 0.75627
0.95633 0.759566
0.97463 0.763275
0.997271 0.779431
0.9884 0.789414
0.970313 0.79058
0.948549 0.784337
0.949828 0.812172
0.955125 0.803341
0.972123 0.7956
0.973134 0.7974
0.978858 0.830224
0.948923 0.834435
0.942977 0.832101
0.913435 0.809578
0.911737 0.811226
0.913738 0.777859
0.905054 0.797375
0.900843 0.809483
0.851041 0.806257
0.847709 0.789703
0.823256 0.772869
0.832837 0.804345
0.804091 0.802192
0.844747 0.875459
0.843017 0.8537
0.85572 0.827894
0.866337 0.816689
0.877609 0.820161
0.903143 0.830895
0.904661 0.852482
0.872664 0.896546
0.804111 0.924109
0.832946 0.922595
0.844249 0.921369
0.860516 0.92922
0.884352 0.908676
0.885918 0.88777
0.915321 0.8603
0.933684 0.865699
0.928693 0.894189
0.935538 0.898638
0.953241 0.871267
0.947166 0.859752
0.958616 0.851096
0.980193 0.871494
0.987299 0.918489
0.971516 0.93171
0.9523 0.933328
0.918122 0.940259
0.933678 0.957284
0.951611 0.952332
0.965853 0.94037
0.97193 0.946714
0.961897 0.976454
0.952357 0.983396
0.946079 0.987454
0.940187 0.986203
0.834365 0.977736
0.830741 0.977262
0.831292 0.998852
0.817973 0.996317
0.778776 0.972083
0.757771 0.983219
0.751452 0.980196
0.735811 0.959597
0.729834 0.990679
0.705841 0.99744
0.673701 0.988068
0.679532 0.96751
0.633704 0.985057
0.638612 0.944669
0.658792 0.936092
0.707092 0.91022
0.722215 0.918951
0.73927 0.916329
0.748406 0.927582
0.779717 0.930731
0.773206 0.90962
0.755439 0.913909
0.75185 0.910708
0.802764 0.877092
0.778732 0.875863
0.757504 0.882242
0.740965 0.880215
0.714658 0.84157
0.73587 0.826451
0.730052 0.819527
0.739592 0.82357
0.7759 0.857693
0.781777 0.857269
0.777211 0.84968
0.77478 0.84865
0.767046 0.845988
0.759551 0.830935
0.739628 0.802477
0.753824 0.79301
0.738842 0.771754
0.749969 0.763366
0.735726 0.767056
0.725305 0.766545
0.714801 0.742671
0.710829 0.72353
0.715476 0.68202
0.742208 0.689358
0.72672 0.68048
0.707264 0.65218
0.704702 0.654389
0.671054 0.686032
0.682205 0.68551
0.684956 0.698419
0.688172 0.703886
0.662922 0.730112
0.666485 0.756684
0.675329 0.781185
0.670081 0.758208
0.673452 0.75335
0.685759 0.783614
0.696303 0.755365
0.705456 0.758864
0.724133 0.766936
0.724595 0.772828
0.719938 0.791457
0.714105 0.792954
0.709771 0.812403
0.719558 0.813694
0.721633 0.819366
0.708632 0.844942
0.715162 0.851287
0.714646 0.8652
0.719767 0.870002
0.707614 0.889923
0.705336 0.903507
0.696066 0.903969
0.686248 0.862575
0.683798 0.883495
0.676202 0.907844
0.66111 0.913471
0.644151 0.920394
0.639892 0.92027
0.637428 0.939476
0.605676 0.92916
0.602614 0.951044
0.605705 0.957253
0.621504 0.942674
0.63605 0.962994
0.625395 0.97215
0.609443 0.984872
0.559102 0.960145
0.569807 0.975194
0.578567 0.98234
0.570799 0.998352
0.530895 0.910335
0.526059 0.906496
0.527404 0.900484
0.539832 0.894345
0.549446 0.927893
0.550782 0.926266
0.553816 0.923415
0.578485 0.907334
0.559198 0.906335
0.612411 0.898218
0.591056 0.894417
0.580038 0.893031
0.604002 0.841291
0.62114 0.847436
0.618628 0.85549
0.634616 0.87273
0.614391 0.891692
0.659412 0.856196
0.647734 0.862754
0.665925 0.844157
0.661199 0.817077
0.629776 0.84343
0.621676 0.843612
0.632355 0.827028
0.606124 0.82282
0.597668 0.831801
0.588479 0.848658
0.584409 0.862623
0.581691 0.872869
0.557185 0.88075
0.556165 0.864998
0.54193 0.87355
0.554107 0.810101
0.572444 0.804321
0.593874 0.791634
0.600413 0.793721
0.604914 0.790684
0.63973 0.813532
0.625787 0.801305
0.640376 0.781941
0.630531 0.781777
0.621775 0.777641
0.618245 0.767971
0.608158 0.770669
0.602845 0.769455
0.600172 0.730586
0.627574 0.739875
0.640227 0.749807
0.637281 0.729911
0.625094 0.699371
0.620445 0.719661
0.615999 0.693384
0.614353 0.649214
0.647693 0.670968
0.648668 0.658325
0.6503 0.62617
0.679206 0.621338
0.676948 0.621666
0.673777 0.617746
0.652494 0.616257
0.692247 0.614482
0.747343 0.60583
0.767398 0.598201
0.766459 0.59385
0.745 0.587043
0.713724 0.608064
0.699614 0.594632
0.701534 0.582478
0.675806 0.574246
0.670869 0.548545
0.662359 0.533553
0.669693 0.510837
0.638077 0.52057
0.648094 0.522997
0.648435 0.532628
0.651522 0.557028
0.644484 0.567081
0.631795 0.58013
0.628546 0.6105
0.6319 0.63105
0.615107 0.578543
0.604049 0.586174
0.585249 0.583142
0.599151 0.590635
0.574441 0.59069
0.569791 0.585897
0.558966 0.530703
0.55033 0.541256
0.539759 0.54427
0.53819 0.576124
0.541318 0.596199
0.540316 0.600779
0.511314 0.541052
0.511388 0.550769
0.513545 0.56931
0.503897 0.497065
0.512338 0.492198
0.523975 0.497239
0.537249 0.486333
0.568614 0.49113
0.556613 0.483965
0.534418 0.475616
0.494036 0.445453
0.474532 0.412655
0.41745 0.39381
0.471823 0.413436
0.473867 0.422927
0.434401 0.436544
0.431546 0.423774
0.427084 0.455762
0.43739 0.449975
0.451779 0.459722
0.466457 0.463206
0.472576 0.464258
0.488584 0.460698
0.512414 0.462661
0.517927 0.480469
0.511884 0.484316
0.510323 0.492125
0.470773 0.494038
0.486745 0.495946
0.502398 0.511249
0.494607 0.535248
0.488729 0.540685
0.444942 0.537089
0.446329 0.499508
0.431557 0.504849
0.394616 0.477712
0.379167 0.469552
0.376481 0.458299
0.398048 0.440524
0.371612 0.437284
0.345768 0.455114
0.336025 0.432161
0.310696 0.4358
0.334066 0.387438
0.326772 0.382195
0.319487 0.406985
0.310951 0.375007
0.295498 0.374002
0.258715 0.360279
0.287229 0.384368
0.289423 0.40972
0.281492 0.426379
0.24897 0.407154
0.24681 0.417211
0.23372 0.43621
0.275081 0.46981
0.273045 0.459052
0.277397 0.452073
0.302487 0.441151
0.312442 0.455596
0.31908 0.471235
0.337131 0.482658
0.338214 0.470396
0.360287 0.465326
0.371329 0.461531
0.346667 0.507256
0.370778 0.501496
0.381498 0.490204
0.388274 0.483525
0.406883 0.501426
0.406607 0.517153
0.415144 0.526598
0.380739 0.551431
0.347754 0.554599
0.349096 0.565566
0.33626 0.568028
0.315399 0.56434
0.303165 0.527735
0.306728 0.541442
0.281415 0.471128
0.287502 0.49749
0.285453 0.511745
0.235098 0.520932
0.234261 0.490947
0.228539 0.491443
0.224832 0.473519
0.230092 0.454356
0.208815 0.478542
0.208795 0.500757
0.221976 0.507783
0.170632 0.535005
0.177704 0.493267
0.175591 0.487245
0.195411 0.434887
0.183694 0.435364
0.176477 0.431513
0.198906 0.419872
0.213565 0.386846
0.203466 0.402826
0.195108 0.411768
0.16764 0.431221
0.169662 0.442026
0.167856 0.461244
0.166061 0.481421
0.162705 0.490987
0.14979 0.488937
0.150692 0.478837
0.125276 0.427737
0.136221 0.390158
0.169158 0.37909
0.211729 0.354852
0.244061 0.360851
0.234092 0.354328
0.203091 0.3381
0.197227 0.347798
0.192424 0.354965
0.165586 0.370231
0.138611 0.363994
0.128608 0.367367
0.12131 0.351239
0.117893 0.352512
0.106509 0.334209
0.12749 0.318803
0.151137 0.317734
0.111394 0.301295
0.142713 0.284292
0.139208 0.264286
0.158057 0.259484
0.174944 0.274337
0.168329 0.291481
0.186981 0.299251
0.188229 0.273709
0.239109 0.308214
0.251548 0.31635
0.251935 0.312525
0.25129 0.306852
0.266293 0.302309
0.24977 0.301322
0.283942 0.297534
0.273992 0.295084
0.270983 0.277039
0.268236 0.278501
0.259747 0.271816
0.273105 0.253957
0.257531 0.270157
0.239931 0.272035
0.231334 0.282708
0.203587 0.275717
0.20375 0.267577
0.197407 0.256446
0.195294 0.242877
0.245563 0.234212
0.267834 0.208466
0.286435 0.212736
0.264934 0.178119
0.25487 0.190662
0.23803 0.174886
0.252163 0.19056
0.242631 0.200576
0.246416 0.220125
0.226219 0.22705
0.219961 0.23012
0.195424 0.240666
0.185628 0.240926
0.186127 0.21551
0.177885 0.23522
0.172755 0.24894
0.167667 0.255229
0.157933 0.227027
0.138503 0.199516
0.146042 0.220679
0.14709 0.245462
0.135732 0.240244
0.122142 0.262057
0.136711 0.282856
0.124759 0.283231
0.107731 0.271076
0.085653 0.25633
0.082576 0.27239
0.090915 0.276103
0.077286 0.278672
0.074326 0.285624
0.087262 0.307315
0.078676 0.335945
0.077767 0.360439
0.084529 0.357948
0.092847 0.366077
0.104983 0.373315
0.111225 0.396335
0.093652 0.410911
0.06388 0.428227
0.105438 0.43586
0.135268 0.452703
0.133311 0.471955
0.106868 0.477364
0.125824 0.48891
0.14568 0.502678
0.152894 0.506878
0.155695 0.514103
0.126949 0.531609
0.104876 0.545644
0.132278 0.553039
0.141342 0.547769
0.156324 0.530052
0.202281 0.570954
0.18795 0.54931
0.18844 0.535619
0.209131 0.529876
0.231257 0.522157
0.245845 0.533109
0.252411 0.522728
0.26892 0.532912
0.283616 0.555463
0.262578 0.580776
0.254257 0.603448
0.221433 0.581939
0.212746 0.634357
0.230382 0.629242
0.163215 0.66394
0.172625 0.660642
0.185556 0.692323
0.193928 0.66118
0.208432 0.651773
0.213296 0.64713
0.246328 0.68668
0.239292 0.696571
0.230938 0.716007
0.234505 0.719795
0.258449 0.723154
0.236132 0.712063
0.249465 0.679132
0.239627 0.675436
0.234375 0.660132
0.250371 0.637492
0.293076 0.674898
0.28263 0.664038
0.275474 0.646153
0.270335 0.640083
0.264579 0.635066
0.258774 0.627611
0.261568 0.607726
0.300827 0.585121
0.302829 0.601438
0.301346 0.625896
0.298118 0.672339
0.321235 0.643432
0.316227 0.625067
0.328909 0.600043
0.329038 0.599682
0.346902 0.599688
0.360539 0.638446
0.354523 0.611799
0.357923 0.605971
0.39517 0.644266
0.38479 0.617401
0.394435 0.61251
0.402067 0.590165
0.447919 0.637828
0.44118 0.628566
0.455826 0.606514
0.450428 0.602856
0.419404 0.577777
0.405504 0.563746
0.400159 0.543259
0.421628 0.535242
0.437779 0.543768
0.446917 0.558027
0.476028 0.560883
0.478033 0.570635
0.49797 0.575491
0.504761 0.597064
0.50566 0.598144
0.497629 0.606418
0.520132 0.612222
0.530502 0.61722
0.575492 0.636965
0.578221 0.634975
0.586038 0.623025
0.584207 0.616933
0.611883 0.60827
0.616111 0.636015
0.606269 0.642201
0.603933 0.657574
0.603843 0.658934
0.583798 0.676346
0.579486 0.688143
0.55161 0.672569
0.557782 0.682802
0.51405 0.647974
0.518041 0.665614
0.522331 0.696742
0.482303 0.677149
0.477429 0.684981
0.490509 0.717727
0.524637 0.736769
0.545034 0.706238
0.55589 0.688399
0.573484 0.698819
0.568801 0.726397
0.588801 0.737199
0.594677 0.75932
0.581601 0.768286
0.566679 0.767005
0.560634 0.778739
0.5444 0.740724
0.544324 0.754744
0.545457 0.776787
0.542174 0.789074
0.546536 0.797614
0.547333 0.801211
0.518738 0.802209
0.543784 0.803912
0.543336 0.826366
0.534394 0.842984
0.519012 0.840928
0.497427 0.806159
0.470955 0.824118
0.492974 0.836886
0.497697 0.853203
0.5056 0.852191
0.518553 0.859102
0.51147 0.889901
0.51083 0.897316
0.517298 0.90007
0.511998 0.912655
0.520426 0.928147
0.492212 0.948862
0.519078 0.950672
0.532456 0.970718
0.519268 0.980773
0.474071 0.997696
0.476375 0.973462
0.455695 0.976932
0.477451 0.916115
0.450939 0.930812
0.444169 0.924145
0.430936 0.935756
0.440552 0.95686
0.440304 0.964248
0.392146 0.996875
0.395113 0.988518
0.407575 0.964616
0.405427 0.967266
0.403684 0.969957
0.394235 0.968103
0.381305 0.985781
0.368679 0.985077
0.361977 0.990393
0.355619 0.946771
0.342559 0.948076
0.337449 0.948123
0.331487 0.941663
0.309617 0.949882
0.307235 0.921761
0.301116 0.934726
0.291832 0.949432
0.270772 0.974653
0.251325 0.974973
0.224994 0.997271
0.230905 0.934142
0.266265 0.905997
0.271377 0.895352
0.277708 0.882365
0.353688 0.885426
0.369618 0.8668
0.386458 0.894461
0.362943 0.914442
0.397099 0.934319
0.381957 0.914337
0.38527 0.90517
0.40426 0.894526
0.440415 0.891588
0.427175 0.890282
0.445319 0.887737
0.451874 0.870342
0.449983 0.873083
0.412163 0.861817
0.406096 0.829344
0.427915 0.796435
0.512309 0.768926
0.485283 0.773299
0.484618 0.771275
0.479136 0.757475
0.479112 0.752822
0.477688 0.754484
0.453635 0.762261
0.441595 0.755913
0.417868 0.756243
0.412484 0.753902
0.41557 0.733807
0.439702 0.727815
0.436278 0.723085
0.384955 0.731415
0.396376 0.707518
0.414407 0.686018
0.442005 0.674731
0.411068 0.67985
0.372426 0.680229
0.368784 0.691049
0.365238 0.713482
0.366909 0.719233
0.348099 0.705388
0.334905 0.684474
0.30932 0.731617
0.315832 0.721256
0.318296 0.716272
0.326794 0.717232
0.346724 0.711973
0.358698 0.734121
0.336915 0.749652
0.33598 0.76873
0.311031 0.772283
0.288129 0.756073
0.271683 0.759968
0.270868 0.762299
0.280412 0.771592
0.27648 0.780515
0.33494 0.809789
0.334416 0.804973
0.354254 0.787414
0.358423 0.762871
0.376032 0.762605
0.392448 0.782828
0.385543 0.808278
0.373832 0.826374
0.396781 0.853942
0.403913 0.858018
0.401898 0.869813
0.389895 0.880298
0.388458 0.879723
0.368906 0.863127
0.348478 0.859208
0.335482 0.880108
0.313281 0.870777
0.318378 0.853205
0.30694 0.852757
0.306625 0.842928
0.304078 0.83324
0.285152 0.84102
0.272627 0.84964
0.250183 0.810423
0.275698 0.790037
0.25214 0.802672
0.247364 0.807439
0.215498 0.786942
0.202001 0.83286
0.196042 0.814964
0.159442 0.811202
0.162331 0.819728
0.186642 0.82487
0.203275 0.841629
0.20198 0.860515
0.16299 0.861712
0.13183 0.843636
0.147249 0.813114
0.089135 0.834232
0.107034 0.831205
0.114307 0.839659
0.121031 0.862896
0.121945 0.889386
0.146535 0.86679
0.160549 0.864326
0.161886 0.870182
0.135897 0.907848
0.160226 0.892622
0.18821 0.890335
0.220661 0.860644
0.212037 0.853399
0.228059 0.83075
0.246386 0.820597
0.25727 0.831733
0.261177 0.837518
0.250418 0.86961
0.251342 0.880317
0.249583 0.885222
0.244675 0.905619
0.232738 0.920184
0.215283 0.925486
0.203424 0.952452
0.156617 0.936526
0.178371 0.956998
0.181724 0.976272
0.176193 0.994936
0.136709 0.982176
0.134049 0.970849
0.131811 0.965558
0.10737 0.952835
0.098214 0.98056
0.098503 0.991979
0.046062 0.996488
0.081752 0.953716
0.083139 0.945896
0.099598 0.923664
0.086256 0.887871
0.083021 0.910174
0.072202 0.928708
0.071531 0.948769
0.063193 0.95182
0.068992 0.955377
0.065581 0.970418
0.049387 0.980964
0.036718 0.96738
0.004781 0.914055
0.042692 0.924182
0.033379 0.906605
0.022253 0.902265
0.037303 0.899872
0.074981 0.882063
0.036017 0.867253
0.03345 0.853571
0.027219 0.861412
0.004816 0.855832
0.007559 0.838083
0.027268 0.819564
0.06865 0.804821
0.033964 0.800652
0.009613 0.804104
0.007068 0.792523
0.007216 0.746324
0.002469 0.745821
