2000
0.017537 0.097632
0.01247 0.007391
0.018673 0.006877
0.055024 0.006765
0.062838 0.030491
0.060783 0.060646
0.066116 0.072717
0.049518 0.093434
0.078443 0.101036
0.076585 0.076773
0.074739 0.072429
0.091369 0.103312
0.092513 0.078301
0.082375 0.066258
0.081341 0.06242
0.075846 0.046364
0.06826 0.026878
0.084896 0.002722
0.089691 0.018066
0.09065 0.014178
0.10546 0.011704
0.106001 0.041242
0.124952 0.061717
0.136761 0.042693
0.130304 0.038226
0.132049 0.018497
0.14151 0.010176
0.145294 0.013284
0.16602 0.025648
0.167274 0.042079
0.174195 0.028643
0.171335 0.017177
0.198232 0.009924
0.204219 0.002183
0.2037 0.047111
0.222481 0.082342
0.16842 0.068219
0.172861 0.044967
0.170415 0.047214
0.1557 0.064017
0.147632 0.078964
0.154646 0.084145
0.157583 0.089168
0.171516 0.08353
0.183595 0.075656
0.199559 0.092935
0.198475 0.10684
0.183729 0.1374
0.194943 0.115926
0.207186 0.117902
0.21533 0.124922
0.212905 0.112602
0.21507 0.105689
0.254494 0.107306
0.236721 0.093735
0.236712 0.076454
0.244193 0.057731
0.262786 0.041062
0.25859 0.028035
0.257754 0.026139
0.262909 0.012964
0.286493 0.023218
0.307739 0.086145
0.286638 0.116904
0.293949 0.112587
0.282922 0.12466
0.262822 0.116462
0.254637 0.107341
0.256047 0.12339
0.273158 0.140309
0.302547 0.166421
0.313044 0.215565
0.267172 0.226585
0.265076 0.239415
0.270626 0.234648
0.284101 0.238357
0.29099 0.248165
0.313258 0.243886
0.336112 0.225512
0.334121 0.219458
0.365615 0.247378
0.351253 0.228907
0.338945 0.204166
0.335995 0.210177
0.327275 0.214915
0.321556 0.211056
0.309159 0.195937
0.317606 0.17801
0.304846 0.165339
0.32661 0.172296
0.338435 0.16741
0.357699 0.137649
0.362211 0.17553
0.365723 0.205865
0.381618 0.255138
0.366221 0.279659
0.338179 0.276517
0.330303 0.274195
0.326717 0.258395
0.314816 0.2766
0.318636 0.28232
0.253578 0.266272
0.256915 0.271059
0.229407 0.26946
0.256392 0.27878
0.27575 0.300175
0.284366 0.303093
0.292022 0.302369
0.292788 0.305203
0.265782 0.31427
0.283526 0.347427
0.295626 0.346824
0.339192 0.339457
0.33834 0.337134
0.334699 0.338499
0.303642 0.323581
0.317901 0.298644
0.332255 0.302045
0.348339 0.297271
0.36098 0.298687
0.373513 0.317797
0.409526 0.317298
0.418869 0.337305
0.415085 0.353885
0.427001 0.33852
0.442071 0.34314
0.46734 0.307307
0.473721 0.304897
0.461978 0.307061
0.478795 0.295819
0.45878 0.308534
0.451345 0.305648
0.447696 0.281621
0.476482 0.292119
0.484398 0.284489
0.484967 0.283335
0.486151 0.256761
0.463565 0.257729
0.452675 0.261278
0.447268 0.259574
0.440458 0.244851
0.468038 0.232312
0.488283 0.233822
0.486825 0.23165
0.480031 0.205154
0.471192 0.216399
0.476613 0.195766
0.473927 0.184638
0.447948 0.202629
0.455579 0.203605
0.461196 0.217988
0.456976 0.23322
0.451541 0.233428
0.420405 0.263757
0.425591 0.26292
0.431331 0.266666
0.43007 0.285257
0.408283 0.288264
0.399834 0.293109
0.385243 0.283158
0.387797 0.269218
0.382558 0.246112
0.380345 0.242586
0.397628 0.223048
0.412829 0.239044
0.40669 0.221613
0.408267 0.21851
0.396367 0.217336
0.40869 0.193915
0.389359 0.203387
0.364733 0.193157
0.363448 0.178912
0.375645 0.174537
0.3797 0.16214
0.427486 0.165516
0.406467 0.148063
0.405266 0.148872
0.389142 0.143356
0.371655 0.130203
0.361266 0.129466
0.342934 0.135816
0.344609 0.144575
0.329185 0.157259
0.31237 0.147082
0.3073 0.129575
0.30325 0.126353
0.302515 0.106899
0.333313 0.11479
0.328131 0.106651
0.330258 0.093158
0.351686 0.084308
0.332 0.081025
0.317595 0.080773
0.301531 0.065958
0.296387 0.042391
0.324222 0.005492
0.323667 0.047445
0.325659 0.041789
0.32657 0.0247
0.326084 0.011067
0.375345 0.004934
0.357112 0.036031
0.374137 0.019344
0.381318 0.018604
0.424393 0.014163
0.440717 0.016309
0.448903 0.016136
0.431703 0.046063
0.454675 0.028817
0.473714 0.007285
0.515548 0.000881
0.494551 0.027078
0.507778 0.026222
0.51444 0.030296
0.5257 0.035734
0.508381 0.056957
0.536824 0.068625
0.499432 0.077454
0.509695 0.090196
0.473047 0.070718
0.463895 0.086851
0.48263 0.084243
0.460752 0.095121
0.434373 0.089146
0.413745 0.0909
0.409183 0.06687
0.404825 0.073762
0.394518 0.047846
0.359959 0.060929
0.389675 0.079397
0.409218 0.101346
0.410913 0.097676
0.417156 0.095938
0.424462 0.090459
0.429638 0.091715
0.475641 0.144197
0.46876 0.133368
0.475729 0.113197
0.484741 0.115655
0.485041 0.114673
0.501746 0.138449
0.511422 0.127893
0.504814 0.114575
0.534511 0.098095
0.556212 0.073139
0.562313 0.062845
0.546077 0.064545
0.606434 0.057823
0.596176 0.046485
0.591148 0.04624
0.564181 0.043566
0.547685 0.04518
0.53589 0.022565
0.547956 0.016892
0.567271 0.013623
0.571022 0.020462
0.578939 0.012764
0.593447 0.01429
0.60196 0.003437
0.650072 0.005455
0.663328 0.022129
0.638258 0.055034
0.649547 0.05222
0.659482 0.060698
0.666209 0.062389
0.669137 0.097779
0.68216 0.117282
0.697025 0.135967
0.65582 0.15355
0.670134 0.15605
0.68634 0.158248
0.696921 0.162504
0.70809 0.157714
0.702405 0.132614
0.694039 0.128638
0.688888 0.122458
0.710369 0.126744
0.711404 0.115093
0.72425 0.141574
0.710857 0.150421
0.724631 0.142356
0.737894 0.135419
0.762702 0.17893
0.764476 0.180826
0.774463 0.19025
0.773344 0.178086
0.80186 0.193897
0.787393 0.232296
0.75523 0.25113
0.766075 0.248444
0.710979 0.271131
0.724816 0.26796
0.697854 0.281062
0.701415 0.261067
0.731175 0.245101
0.721089 0.249576
0.702966 0.241179
0.710947 0.219492
0.736555 0.217465
0.743558 0.21147
0.735453 0.192024
0.712967 0.186418
0.666012 0.197302
0.667661 0.182523
0.656524 0.190974
0.667455 0.219904
0.6712 0.20714
0.683842 0.196553
0.699843 0.204068
0.70554 0.227115
0.705343 0.228954
0.698354 0.239628
0.680356 0.243076
0.681163 0.244613
0.66678 0.243197
0.634055 0.172126
0.634502 0.184938
0.630447 0.195196
0.615872 0.190592
0.606093 0.169588
0.624728 0.130682
0.616115 0.139082
0.603519 0.113922
0.62933 0.1189
0.622178 0.098132
0.625056 0.08281
0.624147 0.087501
0.609834 0.095236
0.625217 0.081549
0.601244 0.068061
0.593887 0.078007
0.598969 0.100426
0.594631 0.114094
0.596122 0.124784
0.586831 0.161756
0.60245 0.173538
0.599803 0.181251
0.590899 0.197674
0.55019 0.111935
0.551085 0.128096
0.541501 0.142003
0.556 0.167241
0.552332 0.170713
0.54775 0.181981
0.560403 0.204509
0.571668 0.213038
0.595595 0.206666
0.604448 0.207296
0.610572 0.217523
0.629208 0.229674
0.645901 0.241255
0.663652 0.247882
0.67777 0.254014
0.673982 0.25967
0.62813 0.257783
0.612504 0.261026
0.610177 0.269025
0.582886 0.26494
0.571821 0.239918
0.515559 0.173876
0.505534 0.178635
0.517878 0.207123
0.522653 0.223235
0.543894 0.237976
0.551563 0.242779
0.527914 0.252245
0.551194 0.255091
0.524445 0.268809
0.522842 0.262209
0.520734 0.268548
0.519709 0.29039
0.533489 0.297547
0.546872 0.306434
0.479547 0.339276
0.488895 0.334859
0.478079 0.365241
0.497606 0.342302
0.504331 0.339313
0.509798 0.337069
0.524606 0.328923
0.537651 0.324918
0.539557 0.32629
0.562501 0.319739
0.583762 0.336818
0.608905 0.324233
0.616395 0.334777
0.610281 0.320627
0.58506 0.309051
0.57117 0.315529
0.560732 0.297192
0.545073 0.298806
0.540722 0.289714
0.553192 0.269764
0.569297 0.259734
0.581705 0.272285
0.583337 0.269132
0.608784 0.276018
0.634534 0.281279
0.652319 0.285816
0.661707 0.289131
0.670561 0.307349
0.654342 0.32327
0.644743 0.346086
0.64157 0.373006
0.658258 0.380203
0.650917 0.374668
0.648724 0.361558
0.652109 0.3513
0.671159 0.351325
0.692659 0.389557
0.682222 0.395602
0.701381 0.390189
0.695967 0.372021
0.704809 0.369949
0.734006 0.368843
0.779894 0.391745
0.784031 0.379254
0.769537 0.360046
0.776906 0.333882
0.784425 0.332536
0.777547 0.329638
0.764651 0.335891
0.762858 0.342887
0.754079 0.349738
0.716164 0.341414
0.699651 0.354821
0.691097 0.356387
0.688959 0.350123
0.684081 0.329023
0.68998 0.32563
0.696948 0.316104
0.697884 0.300525
0.713109 0.282372
0.727171 0.272303
0.735748 0.271927
0.748844 0.276468
0.734465 0.301173
0.737315 0.308931
0.758069 0.299658
0.799081 0.327408
0.829857 0.319816
0.793941 0.295811
0.780825 0.281637
0.763896 0.276943
0.766844 0.261514
0.788491 0.251493
0.791357 0.245368
0.810821 0.239959
0.832423 0.275185
0.841821 0.256191
0.820295 0.230191
0.83488 0.227881
0.850482 0.248445
0.85861 0.235067
0.847217 0.23536
0.834773 0.226498
0.817682 0.209038
0.832854 0.202224
0.821956 0.187761
0.806355 0.184088
0.785549 0.174305
0.78544 0.15422
0.790155 0.147492
0.777747 0.142034
0.771412 0.133458
0.824453 0.121723
0.837342 0.0982
0.824355 0.099446
0.81082 0.114724
0.790521 0.10027
0.791288 0.119963
0.774974 0.127639
0.769642 0.117566
0.77052 0.10591
0.759538 0.092734
0.748503 0.08367
0.755283 0.093019
0.759046 0.108972
0.75626 0.118414
0.753856 0.119172
0.736089 0.120751
0.734398 0.110884
0.726124 0.081054
0.714892 0.062343
0.712991 0.075642
0.699774 0.090971
0.681407 0.078014
0.678631 0.055159
0.671095 0.036545
0.672794 0.028177
0.68552 0.0352
0.683646 0.031066
0.692626 0.009634
0.711471 0.02729
0.709409 0.060704
0.720719 0.034327
0.729242 0.001787
0.753135 0.049876
0.776837 0.044312
0.767376 0.034214
0.761631 0.029138
0.764021 0.016137
0.778318 0.003017
0.783367 0.000428
0.812743 0.00954
0.813396 0.015095
0.811445 0.041203
0.799128 0.053139
0.793546 0.07045
0.80289 0.060558
0.808745 0.064296
0.818163 0.051258
0.823215 0.042072
0.820592 0.02927
0.829403 0.025047
0.838522 0.025732
0.843579 0.032818
0.84605 0.022482
0.861117 0.035866
0.83559 0.069225
0.851951 0.054321
0.87166 0.050377
0.887784 0.063968
0.893502 0.03952
0.89294 0.024905
0.901048 0.026164
0.899396 0.00342
0.925084 0.008473
0.931768 0.014518
0.995396 0.000786
0.95732 0.035051
0.958096 0.046647
0.979411 0.041964
0.994324 0.042827
0.994294 0.062986
0.946154 0.071021
0.960467 0.088717
0.977575 0.100019
0.997101 0.154176
0.983309 0.156225
0.967253 0.1523
0.97629 0.163685
0.970239 0.169769
0.966353 0.187686
0.943454 0.191293
0.931989 0.17459
0.942286 0.16126
0.891807 0.183411
0.935236 0.137209
0.928924 0.140459
0.934278 0.120748
0.923897 0.111036
0.928143 0.123725
0.916159 0.131463
0.915419 0.144554
0.90723 0.146302
0.90032 0.149183
0.897625 0.15801
0.891515 0.159002
0.873833 0.166432
0.864007 0.150741
0.878202 0.132178
0.93662 0.075231
0.931071 0.079192
0.903138 0.089632
0.902868 0.089584
0.875509 0.087032
0.858216 0.104295
0.857772 0.126411
0.841842 0.14285
0.839539 0.146226
0.811244 0.162223
0.832425 0.158794
0.84529 0.150914
0.858942 0.156048
0.856317 0.164572
0.868408 0.169153
0.835959 0.177508
0.854797 0.186271
0.869236 0.179754
0.85589 0.195975
0.877426 0.190637
0.900074 0.188603
0.910755 0.177825
0.941563 0.206363
0.941234 0.202395
0.956827 0.195972
0.966264 0.192682
0.971429 0.192845
0.974654 0.18692
0.98912 0.178679
0.998575 0.239104
0.991079 0.25944
0.936895 0.243754
0.908598 0.243485
0.888924 0.293135
0.896502 0.290838
0.92547 0.291561
0.906295 0.263911
0.91642 0.263911
0.93663 0.248914
0.949045 0.249936
0.975348 0.25994
0.9894 0.259497
0.968019 0.267527
0.974142 0.266594
0.993679 0.336098
0.967619 0.325165
0.961126 0.346344
0.966 0.348493
0.948931 0.370139
0.965335 0.384297
0.970061 0.369055
0.974766 0.365217
0.981674 0.36785
0.985173 0.371077
0.982696 0.426034
0.992553 0.458444
0.989861 0.460066
0.996052 0.509583
0.99979 0.536039
0.981771 0.515488
0.969055 0.517291
0.957995 0.5128
0.958413 0.476851
0.950963 0.422006
0.961964 0.415459
0.915696 0.401242
0.876004 0.414904
0.895177 0.376322
0.930966 0.329919
0.914487 0.347657
0.900334 0.343602
0.857017 0.356362
0.856958 0.356626
0.838838 0.360003
0.826889 0.353384
0.837418 0.315249
0.810746 0.390126
0.826157 0.369189
0.822385 0.399492
0.840586 0.378445
0.846204 0.368626
0.867991 0.371583
0.864432 0.398779
0.860632 0.410032
0.844099 0.419678
0.858146 0.416486
0.867479 0.425743
0.818915 0.4266
0.837475 0.433233
0.853177 0.438888
0.858551 0.469402
0.863905 0.475603
0.814043 0.470159
0.821642 0.481973
0.837464 0.501327
0.840229 0.500861
0.87456 0.491829
0.883513 0.490052
0.892221 0.483797
0.86805 0.529564
0.885869 0.526082
0.905224 0.509147
0.905607 0.487579
0.898535 0.477888
0.893272 0.467265
0.888408 0.458242
0.893548 0.440914
0.891383 0.432112
0.90768 0.419698
0.933728 0.41272
0.940059 0.419893
0.939405 0.422151
0.950634 0.436788
0.951813 0.446702
0.950306 0.458424
0.938199 0.479345
0.945383 0.483278
0.942388 0.489872
0.943935 0.501439
0.944129 0.503347
0.941448 0.529844
0.953523 0.523606
0.959716 0.520589
0.972019 0.526076
0.956089 0.535152
0.967533 0.535664
0.970578 0.535915
0.983461 0.536044
0.986977 0.552394
0.970728 0.565654
0.954307 0.591137
0.961336 0.59674
0.955905 0.605081
0.929141 0.580005
0.934282 0.562003
0.947353 0.546299
0.930286 0.551522
0.929197 0.560167
0.893192 0.583039
0.909769 0.58017
0.925235 0.58086
0.930278 0.600625
0.893246 0.608842
0.840899 0.597518
0.869071 0.544173
0.843525 0.575304
0.836624 0.575656
0.826904 0.584912
0.810241 0.571304
0.79599 0.542987
0.794429 0.542026
0.791552 0.544782
0.806921 0.47395
0.787045 0.512594
0.758115 0.518526
0.770863 0.539096
0.780459 0.550105
0.793679 0.559969
0.791537 0.563295
0.798928 0.572593
0.804298 0.578707
0.823618 0.586621
0.821323 0.612008
0.795434 0.601301
0.790022 0.631134
0.772266 0.616911
0.775525 0.638415
0.744517 0.643459
0.71717 0.635709
0.718371 0.600888
0.749459 0.589554
0.739557 0.578726
0.708527 0.535201
0.708541 0.555937
0.712212 0.57403
0.721888 0.579937
0.717144 0.594566
0.677209 0.594422
0.69534 0.603752
0.700828 0.618672
0.703303 0.632916
0.673776 0.62005
0.65555 0.615914
0.637848 0.60633
0.633537 0.604629
0.616613 0.581702
0.652389 0.5821
0.654382 0.554851
0.623188 0.509119
0.65532 0.502603
0.646714 0.488089
0.645177 0.486736
0.660969 0.46334
0.680272 0.477982
0.672355 0.490055
0.67023 0.497379
0.696098 0.52272
0.689992 0.501175
0.694289 0.484719
0.717682 0.484339
0.719066 0.479201
0.743911 0.47801
0.740492 0.467482
0.733763 0.454015
0.727243 0.435155
0.763728 0.453622
0.762942 0.447354
0.770368 0.439577
0.788745 0.429922
0.769866 0.433526
0.762376 0.413556
0.749869 0.408877
0.724175 0.408357
0.698988 0.426695
0.694201 0.443853
0.688925 0.454299
0.673002 0.446385
0.665869 0.447689
0.661599 0.434519
0.654552 0.437497
0.65564 0.446807
0.653021 0.450746
0.645081 0.466621
0.635452 0.468357
0.63083 0.479609
0.629305 0.496627
0.616504 0.495722
0.617029 0.499313
0.610961 0.525209
0.614083 0.526144
0.632 0.540052
0.62267 0.558862
0.618322 0.56373
0.56246 0.575816
0.575426 0.546301
0.572654 0.536163
0.566587 0.517316
0.58164 0.505199
0.54424 0.515552
0.555371 0.521386
0.560867 0.535907
0.555202 0.549719
0.550439 0.552694
0.540666 0.546021
0.538689 0.552828
0.521027 0.558495
0.524857 0.521505
0.5209 0.537291
0.508957 0.546903
0.508875 0.506349
0.526541 0.499275
0.4989 0.467939
0.477907 0.454291
0.53599 0.466437
0.557193 0.47422
0.5726 0.468198
0.588022 0.482177
0.587168 0.461873
0.582762 0.460568
0.60136 0.456906
0.596887 0.456771
0.624266 0.45679
0.623594 0.442726
0.633818 0.413832
0.612383 0.436688
0.611458 0.443205
0.591708 0.447367
0.591859 0.432215
0.589243 0.446836
0.572017 0.45267
0.578275 0.417692
0.56958 0.438031
0.552289 0.443426
0.539107 0.450614
0.532993 0.452338
0.54391 0.422241
0.531411 0.430157
0.517042 0.446644
0.501 0.441757
0.502654 0.417926
0.533018 0.404864
0.574911 0.405136
0.573937 0.401739
0.572291 0.390523
0.602485 0.379848
0.582295 0.384016
0.57036 0.368021
0.543021 0.360773
0.524654 0.371244
0.521749 0.375623
0.5122 0.390604
0.497241 0.392561
0.481787 0.404592
0.487326 0.437328
0.461921 0.462305
0.47516 0.493189
0.483742 0.485565
0.497751 0.491854
0.495776 0.507813
0.487542 0.518474
0.456626 0.515041
0.425385 0.495462
0.420727 0.464769
0.431107 0.440966
0.423939 0.434505
0.446589 0.416489
0.445136 0.401361
0.426326 0.385453
0.430521 0.417211
0.408416 0.414566
0.400005 0.411245
0.401298 0.416132
0.396371 0.418976
0.379348 0.359224
0.380216 0.37216
0.384174 0.387409
0.384169 0.401296
0.356367 0.39116
0.35219 0.40121
0.366175 0.410698
0.369299 0.414503
0.353764 0.430083
0.28913 0.417978
0.285824 0.395423
0.285715 0.409195
0.274213 0.41769
0.293989 0.424494
0.300982 0.42468
0.309608 0.450471
0.299966 0.497659
0.301671 0.513135
0.306191 0.510153
0.310419 0.498881
0.313714 0.495933
0.305864 0.487266
0.316738 0.471655
0.348824 0.466801
0.353202 0.453284
0.367964 0.431818
0.378127 0.42791
0.393868 0.429156
0.413811 0.43028
0.415704 0.446279
0.397093 0.469728
0.359927 0.476221
0.357327 0.484776
0.366282 0.485921
0.352318 0.503547
0.351531 0.505001
0.342791 0.525299
0.34979 0.53555
0.363899 0.551643
0.362386 0.54422
0.390016 0.507446
0.414921 0.50737
0.421945 0.502259
0.424085 0.502801
0.440416 0.50649
0.436498 0.529994
0.44194 0.53537
0.425975 0.560447
0.432277 0.554726
0.436786 0.55863
0.455211 0.605326
0.456626 0.582428
0.452778 0.577382
0.452333 0.552451
0.471741 0.537662
0.482402 0.547965
0.489002 0.554786
0.497754 0.562945
0.4797 0.61238
0.492902 0.583057
0.504957 0.584731
0.518776 0.575795
0.530727 0.563109
0.546325 0.561146
0.555613 0.582799
0.561414 0.591419
0.564591 0.613988
0.577464 0.591861
0.590433 0.59517
0.605635 0.598626
0.621344 0.603978
0.610186 0.631733
0.62999 0.643455
0.60689 0.661939
0.536253 0.616336
0.522827 0.61697
0.523951 0.624772
0.488852 0.650172
0.498951 0.643684
0.525201 0.630684
0.54774 0.636766
0.560505 0.653894
0.562691 0.679958
0.497404 0.675619
0.514559 0.679094
0.522288 0.679385
0.530458 0.679247
0.533742 0.708122
0.547618 0.705353
0.550707 0.705936
0.529375 0.712377
0.493345 0.715821
0.535029 0.738764
0.525463 0.757587
0.494062 0.761668
0.49943 0.762697
0.538699 0.770518
0.579985 0.788492
0.580261 0.781381
0.573203 0.782132
0.564994 0.779638
0.564404 0.775088
0.558066 0.763281
0.572619 0.739714
0.553143 0.740418
0.54513 0.716967
0.553161 0.708416
0.564967 0.713225
0.577458 0.69829
0.59185 0.719123
0.607451 0.730267
0.601637 0.711008
0.63981 0.744954
0.603271 0.795868
0.602028 0.798837
0.540509 0.816276
0.518511 0.804256
0.541173 0.822056
0.544235 0.818652
0.532895 0.875076
0.561078 0.852119
0.555946 0.82413
0.575995 0.814523
0.600057 0.816828
0.604317 0.806787
0.609891 0.82163
0.573527 0.869688
0.595502 0.84777
0.599491 0.845713
0.620881 0.879456
0.608559 0.854263
0.617868 0.847101
0.635276 0.847698
0.626802 0.831247
0.623278 0.80887
0.622363 0.803096
0.634872 0.809363
0.629205 0.800021
0.62294 0.790411
0.632077 0.783806
0.667979 0.831859
0.643591 0.847777
0.664565 0.851691
0.676871 0.873338
0.672726 0.855497
0.689353 0.845346
0.71862 0.834522
0.714664 0.828566
0.698595 0.823611
0.683532 0.814784
0.669291 0.80059
0.657922 0.788819
0.645848 0.768697
0.662931 0.745959
0.648879 0.739838
0.644623 0.723564
0.641885 0.717915
0.676929 0.723223
0.681853 0.703323
0.671145 0.681562
0.671879 0.706118
0.65361 0.716931
0.644012 0.712788
0.625789 0.708178
0.605424 0.704724
0.588337 0.688592
0.602712 0.66925
0.62026 0.680563
0.628694 0.675894
0.63661 0.6754
0.633924 0.650899
0.632193 0.642452
0.64797 0.626915
0.653555 0.628438
0.662364 0.635072
0.677478 0.631229
0.67977 0.641753
0.693004 0.655286
0.707145 0.640059
0.719275 0.649999
0.761549 0.668728
0.758402 0.661555
0.78047 0.651542
0.791677 0.634917
0.784977 0.661404
0.800826 0.652364
0.817332 0.639499
0.836203 0.623772
0.838245 0.625967
0.849644 0.617359
0.855862 0.617066
0.876488 0.615593
0.881414 0.615189
0.899695 0.613791
0.905689 0.609335
0.937546 0.6215
0.942941 0.625704
0.953016 0.613649
0.970638 0.615176
0.965526 0.630474
0.970635 0.641351
0.957131 0.64904
0.923597 0.671871
0.927727 0.670201
0.946056 0.666645
0.979527 0.68503
0.954361 0.684279
0.963376 0.691841
0.950228 0.687419
0.930839 0.698327
0.902459 0.679086
0.89066 0.709401
0.902397 0.694556
0.908793 0.697261
0.912733 0.704565
0.921002 0.719532
0.924004 0.724122
0.888633 0.72483
0.84641 0.695069
0.841607 0.699861
0.861263 0.673285
0.862999 0.657428
0.858691 0.652651
0.855349 0.655728
0.84159 0.664414
0.818579 0.672647
0.81969 0.68304
0.802456 0.685757
0.812069 0.706425
0.827835 0.707626
0.792102 0.711013
0.808193 0.709913
0.825583 0.726267
0.833916 0.711903
0.849751 0.709967
0.855235 0.706455
0.864487 0.711568
0.860451 0.750501
0.875882 0.740998
0.883822 0.737679
0.894922 0.743751
0.894417 0.761896
0.892802 0.774405
0.864007 0.762215
0.874069 0.783365
0.879841 0.783263
0.873795 0.803942
0.873093 0.836481
0.890831 0.819489
0.88783 0.79182
0.899446 0.78054
0.915174 0.764908
0.927681 0.752295
0.947661 0.75765
0.965558 0.752765
0.963336 0.748695
0.961917 0.734298
0.962317 0.729029
0.962433 0.72175
0.974551 0.707261
0.990053 0.70572
0.998518 0.717404
0.989393 0.772552
0.98305 0.779708
0.991785 0.784274
0.987558 0.807592
0.976676 0.79212
0.960789 0.7898
0.924991 0.78693
0.920994 0.808068
0.94644 0.792624
0.963646 0.805654
0.972877 0.800683
0.983551 0.808313
0.987912 0.810492
0.930123 0.851239
0.936025 0.851035
0.95179 0.841394
0.960578 0.841584
0.96185 0.85348
0.836067 0.846489
0.848856 0.85696
0.852299 0.876462
0.846194 0.882997
0.832095 0.850102
0.821044 0.835529
0.839186 0.832679
0.826106 0.823907
0.846962 0.788665
0.831383 0.779131
0.831907 0.809477
0.827325 0.816122
0.818349 0.819808
0.811826 0.832902
0.808686 0.841349
0.820945 0.843103
0.822053 0.856732
0.788965 0.856196
0.822478 0.802723
0.809863 0.798209
0.788509 0.782769
0.786707 0.794226
0.780904 0.747385
0.815977 0.754204
0.80323 0.747916
0.77678 0.746493
0.772756 0.753544
0.767924 0.764978
0.751778 0.777523
0.74675 0.780461
0.741678 0.747977
0.760286 0.702948
0.721418 0.680732
0.737505 0.696763
0.734132 0.714426
0.720607 0.720888
0.725922 0.741276
0.716878 0.747517
0.69463 0.746927
0.712012 0.769087
0.716462 0.772944
0.696003 0.759931
0.700313 0.766395
0.709902 0.787102
0.71827 0.782175
0.7402 0.787624
0.75755 0.784696
0.769373 0.792507
0.768464 0.811346
0.77019 0.829068
0.761782 0.848364
0.762581 0.869151
0.730925 0.910267
0.735536 0.904426
0.748581 0.894618
0.760613 0.891829
0.765075 0.885777
0.775521 0.874841
0.806313 0.871281
0.815679 0.869784
0.819666 0.864783
0.834927 0.874495
0.846089 0.890315
0.825458 0.90326
0.844412 0.928063
0.848654 0.899697
0.870488 0.884028
0.875757 0.878984
0.894692 0.884771
0.896356 0.895598
0.901841 0.893797
0.869481 0.913697
0.874102 0.925689
0.884617 0.913466
0.886604 0.938212
0.904175 0.945759
0.897055 0.917634
0.90083 0.912206
0.919774 0.916443
0.912135 0.912983
0.915848 0.898731
0.924513 0.893927
0.924057 0.886577
0.941888 0.875171
0.96186 0.869166
0.977964 0.881073
0.967442 0.910147
0.980903 0.915949
0.997024 0.93899
0.985617 0.94944
0.958062 0.944361
0.921712 0.950616
0.913935 0.942128
0.932788 0.96271
0.9383 0.953706
0.952298 0.956719
0.957736 0.964412
0.950632 0.973073
0.912854 0.99768
0.914035 0.975825
0.899431 0.981328
0.855816 0.968945
0.861161 0.97058
0.863529 0.985003
0.849777 0.971715
0.843765 0.993639
0.778423 0.981703
0.799197 0.961121
0.793341 0.959914
0.801066 0.941809
0.780348 0.947487
0.780438 0.939557
0.785534 0.920547
0.779133 0.933972
0.765134 0.918211
0.768585 0.936254
0.770781 0.94605
0.7736 0.963904
0.761959 0.975108
0.757973 0.975262
0.739987 0.958771
0.716729 0.981369
0.697555 0.994768
0.689788 0.99763
0.684653 0.979455
0.675186 0.986804
0.640451 0.990129
0.636594 0.968224
0.623515 0.968624
0.622797 0.982592
0.578486 0.996969
0.594194 0.973883
0.590962 0.970898
0.628084 0.941765
0.640788 0.944028
0.645619 0.935446
0.661812 0.934441
0.680691 0.929932
0.707127 0.926663
0.691121 0.909779
0.685003 0.875453
0.686678 0.898443
0.653083 0.906316
0.641022 0.912654
0.615375 0.917922
0.622096 0.931371
0.615663 0.943621
0.600276 0.954683
0.591135 0.890459
0.581277 0.905357
0.576494 0.922719
0.57405 0.946485
0.571314 0.963125
0.569166 0.967773
0.546692 0.938221
0.543533 0.949394
0.532952 0.967674
0.558039 0.962682
0.557323 0.977533
0.558309 0.98301
0.550123 0.989452
0.543209 0.998715
0.531856 0.992937
0.51152 0.999726
0.514547 0.987416
0.502798 0.989114
0.474645 0.988157
0.455636 0.974626
0.382212 0.956449
0.389918 0.940575
0.431649 0.938869
0.419869 0.928215
0.414212 0.92495
0.405437 0.925513
0.435868 0.900433
0.446618 0.93111
0.48238 0.957313
0.51826 0.9213
0.515237 0.915466
0.51464 0.919543
0.481326 0.934648
0.466056 0.916065
0.45415 0.90817
0.445447 0.893974
0.478077 0.906803
0.474146 0.894881
0.459098 0.881817
0.444642 0.87862
0.445927 0.869361
0.465637 0.859873
0.490858 0.876202
0.485625 0.870942
0.495888 0.820666
0.486658 0.805484
0.483522 0.789354
0.478813 0.803659
0.478048 0.815356
0.467055 0.830524
0.453971 0.834127
0.446817 0.844338
0.434942 0.815438
0.424534 0.809653
0.420703 0.839458
0.41183 0.835131
0.397216 0.84309
0.41338 0.85145
0.394982 0.84442
0.38817 0.848288
0.377374 0.831851
0.368017 0.813621
0.353922 0.802502
0.361496 0.783344
0.355373 0.776361
0.363064 0.763026
0.39202 0.780449
0.39213 0.80297
0.409115 0.780632
0.407745 0.775235
0.424915 0.762474
0.438711 0.783903
0.454568 0.796184
0.476717 0.786347
0.462374 0.761792
0.457644 0.762612
0.448723 0.766894
0.427236 0.75198
0.460884 0.723089
0.489318 0.717597
0.469459 0.706325
0.461851 0.706078
0.458831 0.668007
0.457462 0.672808
0.438484 0.63966
0.445549 0.653372
0.44186 0.659502
0.416047 0.656504
0.41771 0.592474
0.409974 0.605755
0.386793 0.568462
0.39152 0.576894
0.392609 0.604992
0.361746 0.598806
0.315525 0.580284
0.322216 0.602202
0.345057 0.605638
0.359314 0.610666
0.384948 0.624089
0.400889 0.647841
0.400612 0.650294
0.368355 0.680783
0.39067 0.675561
0.400724 0.668983
0.394926 0.691435
0.409998 0.677452
0.415773 0.671266
0.42974 0.669544
0.433632 0.680591
0.436603 0.682282
0.444265 0.683297
0.453082 0.697473
0.452904 0.707811
0.445812 0.707427
0.443262 0.700426
0.396179 0.695544
0.426238 0.709872
0.425135 0.725805
0.424065 0.726407
0.412047 0.731544
0.420108 0.736022
0.42435 0.74621
0.415124 0.757489
0.39379 0.748752
0.382862 0.745256
0.371234 0.725424
0.362645 0.749619
0.359337 0.753821
0.347051 0.706648
0.340875 0.747094
0.355027 0.756611
0.359014 0.762738
0.330576 0.787452
0.325163 0.785644
0.315008 0.790027
0.29493 0.800811
0.283515 0.799643
0.290289 0.810405
0.298341 0.841047
0.320126 0.816297
0.335174 0.817468
0.347957 0.818519
0.371194 0.82928
0.350022 0.845061
0.353015 0.844281
0.357172 0.842461
0.369233 0.868356
0.384971 0.86463
0.399536 0.872308
0.403885 0.867992
0.412766 0.858131
0.432299 0.858496
0.433184 0.870119
0.421102 0.87886
0.427467 0.886603
0.411411 0.902622
0.382985 0.900737
0.390385 0.921215
0.362552 0.936502
0.375812 0.94422
0.375662 0.957882
0.359667 0.975562
0.356633 0.979438
0.353349 0.992951
0.328114 0.983794
0.328957 0.98529
0.325099 0.994772
0.307934 0.978959
0.279488 0.994066
0.287267 0.966982
0.298971 0.954066
0.300189 0.941609
0.305351 0.936045
0.356852 0.940904
0.334572 0.92945
0.328597 0.924037
0.337468 0.91279
0.320197 0.905281
0.34499 0.902944
0.33843 0.883007
0.327286 0.882234
0.317606 0.860207
0.317712 0.871581
0.296662 0.8868
0.298669 0.889077
0.30168 0.90154
0.306332 0.917854
0.304456 0.926743
0.297428 0.936109
0.287779 0.922114
0.292228 0.931436
0.286475 0.944144
0.273759 0.944358
0.274465 0.934159
0.267904 0.942289
0.245524 0.925885
0.265299 0.91094
0.258761 0.907727
0.277508 0.885952
0.271012 0.872309
0.292774 0.85741
0.274591 0.858852
0.256914 0.82593
0.255304 0.820021
0.24121 0.823968
0.244993 0.830334
0.243352 0.833775
0.246488 0.851826
0.249464 0.865117
0.233432 0.876871
0.218212 0.865923
0.205983 0.859572
0.193364 0.874407
0.193099 0.804659
0.170678 0.848677
0.173078 0.852975
0.156684 0.842213
0.168445 0.855767
0.174749 0.857293
0.135859 0.859777
0.142693 0.859881
0.125897 0.891116
0.153193 0.906692
0.16679 0.916447
0.158331 0.910072
0.159106 0.901895
0.153216 0.876509
0.16071 0.866138
0.179369 0.87437
0.191803 0.898468
0.202046 0.918799
0.208108 0.905139
0.215365 0.893196
0.226458 0.886662
0.235664 0.900558
0.225018 0.923446
0.242257 0.92716
0.22145 0.954152
0.238209 0.946215
0.253888 0.943714
0.261274 0.955054
0.26177 0.968682
0.265782 0.977233
0.259571 0.989077
0.207358 0.999665
0.199706 0.988777
0.198782 0.987044
0.188998 0.947169
0.161987 0.94768
0.156403 0.952253
0.136723 0.946435
0.147876 0.959913
0.141882 0.975233
0.104988 0.982809
0.027353 0.995914
0.025703 0.981057
0.016204 0.991888
0.024542 0.972348
0.00536 0.988785
0.000632 0.967146
0.010584 0.933287
0.022536 0.936256
0.029011 0.93153
0.020206 0.917103
0.036843 0.916761
0.032076 0.912077
0.078055 0.95561
0.073012 0.944235
0.078177 0.919712
0.125461 0.948663
0.106364 0.928417
0.090256 0.902095
0.093534 0.875942
0.121727 0.84268
0.143421 0.839164
0.134 0.823565
0.139254 0.805913
0.12724 0.79145
0.100112 0.789939
0.114233 0.798411
0.128496 0.817859
0.1139 0.826996
0.109067 0.842477
0.107916 0.843981
0.09058 0.856771
0.069057 0.861493
0.068163 0.849704
0.081367 0.843402
0.069858 0.816293
0.087341 0.799565
0.058002 0.802645
0.03741 0.804888
0.0494 0.824115
0.068132 0.826627
0.067667 0.834343
0.064903 0.850331
0.066873 0.864605
0.073294 0.865522
0.078274 0.885131
0.083706 0.895559
0.06619 0.907469
0.055398 0.905715
0.032699 0.906317
0.024773 0.903992
0.034466 0.879624
0.028114 0.87547
0.031125 0.862643
0.005371 0.847586
0.004067 0.837461
0.007638 0.823325
0.016859 0.823808
0.013067 0.819007
0.009629 0.811873
0.017271 0.78488
0.027412 0.780525
0.002773 0.786728
0.002727 0.726964
0.010941 0.721388
0.030288 0.752806
0.046842 0.762234
0.040696 0.753178
0.054389 0.762286
0.104279 0.759947
0.100745 0.759764
0.121674 0.752981
0.144471 0.753564
0.126698 0.737573
0.121542 0.734651
0.119441 0.718654
0.106709 0.700916
0.113138 0.710611
0.111706 0.723434
0.111143 0.732117
0.103984 0.744041
0.084919 0.750666
0.068627 0.747464
0.061232 0.736026
0.061669 0.730002
0.046306 0.708156
0.060295 0.695086
0.059398 0.689057
0.066097 0.684886
0.080856 0.723517
0.090379 0.72465
0.093218 0.708984
0.089925 0.691487
0.085777 0.685297
0.112229 0.66508
0.140772 0.714503
0.156211 0.716691
0.144843 0.709341
0.140283 0.700106
0.134551 0.688784
0.133499 0.669723
0.133735 0.657793
0.134577 0.647225
0.114026 0.654591
0.099994 0.65892
0.089926 0.668057
0.073607 0.654968
0.082283 0.633395
0.061273 0.642669
0.060665 0.660315
0.063924 0.667883
0.050238 0.685266
0.050988 0.693335
0.03457 0.712099
0.047648 0.721554
0.039307 0.742133
0.023437 0.739988
0.018134 0.729078
0.016 0.725703
0.011658 0.717868
0.011912 0.696052
0.021361 0.652276
0.007026 0.614427
0.015732 0.581761
0.016707 0.57854
0.069393 0.599193
0.07713 0.621598
0.08238 0.619393
0.110363 0.608938
0.143788 0.625197
0.169498 0.602141
0.179624 0.61095
0.163023 0.64931
0.162299 0.653208
0.164439 0.66727
0.170538 0.670288
0.183874 0.682489
0.197465 0.675214
0.199054 0.66698
0.21527 0.697422
0.168465 0.705015
0.182663 0.704845
0.18918 0.714002
0.193381 0.718951
0.202575 0.714309
0.225722 0.717036
0.239707 0.717611
0.250778 0.716841
0.258321 0.750283
0.228227 0.744639
0.19592 0.75377
0.191721 0.799684
0.195174 0.771498
0.224431 0.7685
0.230454 0.771296
0.237407 0.755728
0.27038 0.764074
0.278872 0.766624
0.280935 0.74808
0.271928 0.747176
0.269465 0.739749
0.27148 0.738121
0.274194 0.726797
0.270924 0.722167
0.305371 0.736976
0.310996 0.731581
0.315052 0.728522
0.336607 0.71935
0.319015 0.705184
0.314793 0.675037
0.342429 0.664098
0.335082 0.665966
0.317407 0.647389
0.29031 0.63989
0.312464 0.6537
0.308871 0.665342
0.307297 0.674386
0.305653 0.676435
0.305683 0.68437
0.299189 0.704235
0.289954 0.703501
0.258996 0.700234
0.276239 0.676243
0.260412 0.680839
0.229434 0.688455
0.226327 0.686049
0.219784 0.68188
0.20654 0.66742
0.218127 0.651631
0.225471 0.648297
0.221739 0.63921
0.248648 0.625576
0.215748 0.617994
0.21567 0.602909
0.262987 0.599959
0.267372 0.592296
0.244408 0.568707
0.24106 0.566559
0.257368 0.552415
0.257353 0.53158
0.239365 0.545539
0.297287 0.500074
0.272906 0.508253
0.257627 0.481074
0.248467 0.491231
0.230425 0.505978
0.229037 0.511159
0.215669 0.479854
0.206594 0.506958
0.21189 0.516313
0.212414 0.533035
0.212445 0.543575
0.226967 0.558797
0.206029 0.582255
0.19491 0.592452
0.194556 0.595987
0.152768 0.592621
0.153189 0.596433
0.137719 0.606939
0.125718 0.589319
0.122172 0.592391
0.09334 0.596627
0.070607 0.592552
0.052646 0.578877
0.094123 0.560112
0.083491 0.542689
0.172776 0.544708
0.176124 0.544343
0.172239 0.531345
0.144022 0.51851
0.136086 0.516222
0.109803 0.505275
0.109162 0.517954
0.098799 0.523207
0.081562 0.536719
0.056801 0.557796
0.056473 0.563955
0.03484 0.563294
0.019274 0.543858
0.019364 0.50132
0.04108 0.51734
0.060532 0.498304
0.039768 0.499621
0.028627 0.493678
0.022737 0.495068
0.018592 0.481623
0.022243 0.474523
0.031693 0.463111
0.023639 0.445241
0.065674 0.44832
0.061879 0.433401
0.072586 0.42294
0.099431 0.429475
0.090204 0.469456
0.096808 0.485544
0.096668 0.467487
0.154477 0.47676
0.116228 0.458386
0.095358 0.451408
0.096191 0.447854
0.10013 0.443406
0.104142 0.432823
0.152545 0.475191
0.154237 0.448337
0.171572 0.428666
0.180495 0.425353
0.205664 0.432465
0.215213 0.443579
0.250575 0.473309
0.228501 0.439993
0.224774 0.433046
0.264363 0.428887
0.240282 0.412751
0.219945 0.420078
0.210593 0.414258
0.247918 0.393483
0.249125 0.391876
0.226345 0.374347
0.212986 0.393427
0.207511 0.412003
0.198295 0.410757
0.172594 0.404874
0.15638 0.42658
0.155916 0.426861
0.153922 0.42464
0.131959 0.425479
0.107507 0.425698
0.106348 0.408598
0.115523 0.39367
0.097659 0.375115
0.090675 0.38449
0.077346 0.403532
0.068373 0.421804
0.058319 0.422186
0.05434 0.418021
0.047095 0.414165
0.035292 0.418748
0.01229 0.39914
0.0251 0.379872
0.042211 0.387188
0.04432 0.384609
0.048402 0.38215
0.062278 0.374856
0.074513 0.366379
0.064232 0.369126
0.053305 0.360411
0.047813 0.367784
0.036313 0.366986
0.03041 0.354455
0.015138 0.357225
0.011669 0.355376
0.007026 0.351986
0.093084 0.345736
0.09245 0.339581
0.086621 0.341818
0.065095 0.338963
0.049061 0.337517
0.042764 0.320222
0.042068 0.317266
0.037713 0.321058
0.026133 0.302554
0.018746 0.293017
0.010959 0.282357
0.040472 0.290322
0.072013 0.279908
0.090688 0.281512
0.122122 0.348245
0.141705 0.339898
0.147863 0.388988
0.149963 0.367226
0.150275 0.363629
0.156441 0.359977
0.159726 0.354542
0.176092 0.351693
0.176735 0.379684
0.195389 0.371468
0.191221 0.363488
0.179766 0.355321
0.17644 0.344704
0.18598 0.339745
0.186818 0.334248
0.209441 0.342699
0.254561 0.3532
0.23389 0.339163
0.231687 0.335991
0.210343 0.316203
0.19138 0.316067
0.184203 0.282784
0.173149 0.257585
0.170442 0.261928
0.170692 0.263332
0.168846 0.275125
0.171184 0.277928
0.156527 0.311051
0.160722 0.320874
0.143335 0.330231
0.138134 0.329411
0.136984 0.331249
0.116982 0.325055
0.115082 0.303809
0.13784 0.29048
0.113429 0.29148
0.107139 0.274898
0.106954 0.271187
0.108493 0.264652
0.12002 0.259156
0.108518 0.264394
0.132846 0.24545
0.091243 0.237776
0.078808 0.241398
0.076058 0.24492
0.068494 0.253689
0.054554 0.254978
0.039747 0.271455
0.02484 0.26373
0.017071 0.273212
0.005152 0.27601
0.006259 0.258665
0.023668 0.251861
0.010558 0.241449
0.022087 0.228442
0.033372 0.223217
0.05953 0.214869
0.057235 0.186459
0.048917 0.191979
0.047305 0.199745
0.040092 0.210128
0.015078 0.198821
0.01032 0.191241
0.039278 0.171384
0.025464 0.170268
0.018162 0.162509
0.046852 0.164119
0.043939 0.152833
0.077005 0.156293
0.0816 0.156807
0.096634 0.174306
0.11184 0.194944
0.114307 0.197156
0.129464 0.189675
0.13419 0.183679
0.136593 0.171726
0.132816 0.171984
0.127222 0.171524
0.126668 0.15448
0.157068 0.185419
0.164066 0.184149
0.170017 0.204701
0.130622 0.227869
0.15297 0.218647
0.163411 0.225806
0.175426 0.214722
0.172102 0.203823
0.21528 0.215312
0.239747 0.214507
0.260506 0.197328
0.260979 0.196202
0.244575 0.157207
0.23402 0.152652
0.237332 0.159513
0.240695 0.180567
0.235096 0.18244
0.231154 0.195076
0.226608 0.200248
0.210081 0.195757
0.191413 0.196802
0.207421 0.167312
0.181773 0.167484
0.170826 0.17146
0.164848 0.1652
0.150626 0.160247
0.136849 0.14995
0.125545 0.131685
0.147308 0.114015
0.118193 0.104843
0.121287 0.130114
0.096512 0.104183
0.099159 0.134936
0.092161 0.138598
0.070942 0.132346
0.046246 0.131764
0.035577 0.114869
0.021462 0.130198
0.000376 0.117953
