2400
0.016791 0.035768
0.034572 0.044784
0.0463 0.018085
0.047595 0.027714
0.060948 0.024307
0.068664 0.019802
0.074639 0.012482
0.080898 0.004398
0.094353 0.038322
0.070278 0.059023
0.085722 0.046326
0.097416 0.042944
0.100618 0.05962
0.117415 0.051135
0.106037 0.080285
0.146412 0.052523
0.118884 0.045508
0.112469 0.041872
0.121308 0.02489
0.155505 0.006488
0.165223 0.042001
0.188727 0.017396
0.2139 0.00593
0.214578 0.009382
0.202549 0.064813
0.181417 0.07655
0.154486 0.095379
0.143773 0.115115
0.132762 0.110857
0.128691 0.118723
0.118106 0.110944
0.117071 0.123418
0.084597 0.141308
0.070328 0.112616
0.073678 0.089283
0.067564 0.067357
0.059927 0.083782
0.042123 0.081393
0.039965 0.083997
0.052352 0.096623
0.05452 0.115215
0.063694 0.122106
0.057638 0.136577
0.044165 0.16639
0.037261 0.201178
0.053795 0.196155
0.059843 0.194076
0.090204 0.195553
0.086975 0.192259
0.083688 0.193134
0.075996 0.182249
0.076899 0.180841
0.083103 0.169643
0.089919 0.163262
0.102124 0.171526
0.103522 0.14342
0.122311 0.137651
0.128365 0.127441
0.134643 0.12602
0.141144 0.121439
0.14779 0.119831
0.156609 0.112596
0.172387 0.112486
0.161044 0.100547
0.171021 0.088234
0.193904 0.101152
0.205976 0.107549
0.205075 0.099749
0.219118 0.083956
0.208857 0.071165
0.236867 0.063585
0.214082 0.131532
0.227612 0.148886
0.235869 0.154661
0.236703 0.140829
0.256833 0.139283
0.285332 0.152448
0.29955 0.15977
0.27266 0.181669
0.279518 0.183559
0.278683 0.203275
0.275521 0.22377
0.283743 0.232939
0.281881 0.245552
0.2975 0.245925
0.301311 0.26214
0.296021 0.288949
0.271916 0.273264
0.269326 0.275294
0.259705 0.246458
0.224262 0.241765
0.215285 0.245906
0.19907 0.248955
0.196335 0.219872
0.180854 0.228251
0.176066 0.242261
0.176137 0.250475
0.182144 0.257933
0.20041 0.283701
0.155663 0.255111
0.14158 0.250625
0.152099 0.224003
0.146255 0.217765
0.164576 0.199188
0.170126 0.191914
0.242767 0.213543
0.242806 0.212616
0.245587 0.198803
0.219872 0.189695
0.195437 0.189258
0.182391 0.172506
0.197448 0.167531
0.190585 0.148685
0.168067 0.138584
0.182547 0.146715
0.181588 0.163089
0.152906 0.165001
0.158854 0.174009
0.15235 0.183368
0.132285 0.186345
0.116326 0.208319
0.073158 0.224806
0.08939 0.219421
0.096511 0.222004
0.114546 0.22971
0.120907 0.239231
0.137946 0.249934
0.143006 0.261479
0.147677 0.256942
0.156458 0.259035
0.154674 0.279947
0.152918 0.294832
0.154303 0.296555
0.172397 0.298704
0.162806 0.318105
0.17451 0.302052
0.189477 0.29746
0.197033 0.297337
0.136457 0.341018
0.126824 0.345594
0.075165 0.363199
0.064826 0.347385
0.055386 0.356193
0.031317 0.360956
0.038691 0.379963
0.04463 0.378862
0.071377 0.370672
0.077403 0.368324
0.078416 0.367353
0.092863 0.390956
0.099083 0.409117
0.06812 0.407949
0.046207 0.405001
0.044768 0.418382
0.030835 0.421421
0.041242 0.433527
0.062473 0.432294
0.067746 0.42407
0.068447 0.423743
0.083166 0.41391
0.081953 0.447004
0.089004 0.452634
0.064026 0.468338
0.080196 0.483778
0.09726 0.485209
0.097136 0.504464
0.100373 0.500201
0.111408 0.48243
0.109168 0.462596
0.106165 0.44525
0.109554 0.442404
0.096421 0.433438
0.097647 0.424998
0.099576 0.420286
0.11143 0.412875
0.139599 0.443782
0.151706 0.456852
0.157133 0.435751
0.171369 0.449721
0.135278 0.512704
0.15359 0.503359
0.16765 0.484697
0.178688 0.465572
0.192662 0.454473
0.185955 0.447002
0.218665 0.452262
0.216702 0.435221
0.196612 0.432097
0.190851 0.436474
0.173834 0.438522
0.171409 0.435658
0.158411 0.414081
0.156858 0.415179
0.148993 0.412252
0.139306 0.426309
0.12711 0.41992
0.120343 0.411778
0.116231 0.397394
0.111744 0.400255
0.101084 0.393683
0.09996 0.369904
0.125471 0.369302
0.134834 0.353404
0.135851 0.377581
0.147633 0.377657
0.165047 0.386819
0.16002 0.358915
0.153755 0.353354
0.152942 0.349679
0.15188 0.344546
0.155869 0.332208
0.168511 0.331567
0.191403 0.355746
0.200435 0.366164
0.194817 0.377765
0.204843 0.382081
0.199516 0.402557
0.20526 0.404896
0.229468 0.395715
0.224392 0.39436
0.222902 0.371012
0.240635 0.359344
0.227255 0.35696
0.209898 0.359405
0.195935 0.33859
0.193734 0.332069
0.199839 0.310109
0.210739 0.310302
0.207124 0.303553
0.201166 0.298469
0.200839 0.27878
0.190326 0.269451
0.197299 0.259461
0.212588 0.25852
0.242144 0.258024
0.259238 0.264717
0.235478 0.3059
0.250306 0.290715
0.270938 0.290324
0.276583 0.285381
0.321054 0.308022
0.315397 0.319313
0.303679 0.330536
0.279367 0.318328
0.258641 0.33298
0.281788 0.34119
0.256784 0.335468
0.253145 0.342625
0.278096 0.356802
0.27915 0.358737
0.307959 0.362144
0.322926 0.370302
0.31741 0.347211
0.32447 0.337614
0.322755 0.321986
0.33879 0.301021
0.359319 0.271423
0.379188 0.278716
0.386138 0.297786
0.380424 0.307288
0.401504 0.304371
0.409455 0.289863
0.432269 0.298085
0.430097 0.255222
0.44527 0.268199
0.477558 0.26583
0.504341 0.257891
0.509044 0.215922
0.505484 0.202942
0.524091 0.160536
0.533548 0.194161
0.538774 0.219521
0.535104 0.223446
0.545036 0.216115
0.542437 0.211728
0.539936 0.192873
0.56321 0.187432
0.570087 0.212831
0.59331 0.231895
0.59091 0.204698
0.589188 0.206031
0.583348 0.208473
0.580054 0.202171
0.570937 0.182228
0.566152 0.161319
0.551919 0.152136
0.54198 0.149765
0.537039 0.14768
0.5234 0.141724
0.51822 0.142766
0.533296 0.110069
0.532973 0.109798
0.592704 0.138283
0.607933 0.131725
0.596887 0.120899
0.588523 0.116442
0.570168 0.110087
0.565303 0.100073
0.564143 0.098618
0.549566 0.038553
0.538078 0.061816
0.545335 0.080002
0.532147 0.087448
0.521446 0.10107
0.529911 0.110058
0.516662 0.125852
0.510584 0.135704
0.503927 0.142075
0.490643 0.153357
0.501872 0.160658
0.504463 0.165665
0.508645 0.174489
0.512366 0.177759
0.500823 0.196025
0.491289 0.198419
0.493552 0.208049
0.493303 0.214771
0.500359 0.226456
0.494154 0.237267
0.485554 0.247151
0.481895 0.260589
0.472317 0.259807
0.459161 0.254008
0.460927 0.229073
0.452337 0.235948
0.445811 0.249721
0.444392 0.252713
0.426004 0.219532
0.43025 0.210021
0.444686 0.210671
0.459997 0.206375
0.44823 0.173024
0.44885 0.165509
0.441397 0.144457
0.442288 0.151072
0.44168 0.160792
0.429802 0.167978
0.423348 0.17069
0.415005 0.169867
0.421237 0.17512
0.401982 0.175556
0.405679 0.176494
0.420278 0.199403
0.41841 0.214435
0.415798 0.215658
0.42126 0.222803
0.400319 0.240582
0.402952 0.241946
0.41226 0.238344
0.415942 0.247587
0.409644 0.263132
0.400661 0.273356
0.401997 0.288773
0.387646 0.29735
0.381435 0.184168
0.367417 0.196006
0.359003 0.191459
0.343874 0.195959
0.361474 0.200843
0.371031 0.205932
0.370363 0.214936
0.360215 0.221734
0.351945 0.240381
0.348981 0.25265
0.339579 0.267942
0.342376 0.271787
0.337228 0.287098
0.323706 0.287202
0.314064 0.292077
0.304371 0.285823
0.3117 0.269414
0.31671 0.261224
0.331732 0.230033
0.312899 0.223679
0.301053 0.228638
0.290629 0.228182
0.286109 0.207511
0.285082 0.195089
0.287053 0.195646
0.296803 0.184344
0.302334 0.182594
0.32374 0.16708
0.345302 0.141611
0.324347 0.143792
0.318103 0.149295
0.308809 0.145028
0.302467 0.143541
0.323528 0.11754
0.339603 0.107178
0.357373 0.119819
0.341307 0.099987
0.338215 0.104016
0.313594 0.095867
0.311833 0.058047
0.30399 0.087228
0.311219 0.093865
0.309075 0.099599
0.296325 0.115688
0.287458 0.139715
0.268419 0.142641
0.265751 0.132173
0.254281 0.124815
0.251286 0.107359
0.247903 0.083602
0.255677 0.062147
0.240808 0.045514
0.218022 0.051914
0.213734 0.046195
0.219105 0.024938
0.232296 0.006738
0.239585 0.005483
0.239729 0.002447
0.249062 0.009722
0.250584 0.00834
0.255603 0.018946
0.273225 0.032193
0.266492 0.016225
0.272535 0.00791
0.271764 0.006076
0.277025 0.000911
0.31112 0.012296
0.314946 0.017525
0.340675 0.026688
0.354575 0.012993
0.355343 0.015239
0.35703 0.014722
0.36545 0.049273
0.327126 0.054779
0.352032 0.063406
0.360073 0.060972
0.365577 0.050965
0.37703 0.054029
0.381323 0.055293
0.383444 0.135918
0.368711 0.155631
0.394675 0.152317
0.41219 0.14066
0.402947 0.124794
0.402585 0.119867
0.414155 0.102479
0.406854 0.085285
0.409994 0.06563
0.387038 0.053542
0.396444 0.031961
0.424471 0.010478
0.44779 0.026535
0.453881 0.025096
0.426186 0.047666
0.437327 0.048095
0.437945 0.074276
0.438591 0.0882
0.444003 0.113419
0.464887 0.118672
0.485926 0.121558
0.473527 0.109624
0.455457 0.094461
0.453383 0.093416
0.454126 0.078122
0.444923 0.068066
0.457798 0.046759
0.470847 0.056629
0.468835 0.050817
0.495176 0.071947
0.496867 0.066087
0.494383 0.040566
0.465991 0.032986
0.465633 0.012566
0.469702 0.014059
0.470366 0.013055
0.487196 0.011928
0.519305 0.002546
0.582463 0.019118
0.582407 0.003283
0.60358 0.066256
0.580506 0.042255
0.579044 0.06378
0.587154 0.084011
0.604743 0.077339
0.608609 0.068521
0.609661 0.05607
0.604429 0.04119
0.600574 0.019421
0.603561 0.001367
0.646595 0.009915
0.650867 0.020382
0.643341 0.027201
0.629183 0.043733
0.644114 0.061612
0.632131 0.073977
0.624767 0.091099
0.626372 0.094742
0.638814 0.119928
0.648004 0.149202
0.6334 0.153997
0.602567 0.163908
0.607076 0.165092
0.631971 0.178949
0.6496 0.203717
0.648384 0.215704
0.650875 0.224127
0.650258 0.231069
0.648374 0.244625
0.655555 0.254248
0.607694 0.263393
0.613998 0.270717
0.605013 0.265134
0.596814 0.274032
0.578128 0.267799
0.58856 0.297015
0.553763 0.24196
0.545451 0.246208
0.559397 0.265415
0.55839 0.288801
0.571613 0.306772
0.588473 0.322223
0.539381 0.280302
0.534106 0.281409
0.518323 0.285549
0.525463 0.28938
0.53328 0.295583
0.546945 0.30914
0.552258 0.330359
0.545672 0.342263
0.5598 0.349795
0.566369 0.343721
0.578139 0.355303
0.579881 0.355359
0.58982 0.361126
0.592714 0.355013
0.599275 0.375803
0.599426 0.358524
0.600892 0.342715
0.597787 0.330535
0.620026 0.333968
0.61475 0.317577
0.610048 0.32356
0.594961 0.314722
0.593893 0.312825
0.599193 0.309822
0.603195 0.296816
0.612753 0.286427
0.623011 0.292421
0.6276 0.31077
0.629484 0.302095
0.651687 0.312662
0.688616 0.303826
0.648974 0.297884
0.637529 0.287529
0.628697 0.278056
0.627926 0.265539
0.643966 0.264378
0.657644 0.279965
0.669673 0.267282
0.687043 0.23268
0.675596 0.236062
0.670062 0.236351
0.660245 0.232628
0.660407 0.208442
0.671398 0.186384
0.651789 0.176666
0.656869 0.153806
0.651369 0.149846
0.667883 0.150463
0.695533 0.156565
0.690404 0.155058
0.680661 0.142746
0.675515 0.128537
0.653743 0.134675
0.650728 0.132466
0.651539 0.114735
0.653492 0.096109
0.665042 0.096175
0.711682 0.132367
0.701816 0.107416
0.696214 0.100421
0.6941 0.084338
0.669586 0.087291
0.660951 0.092135
0.666288 0.079484
0.653544 0.086809
0.649484 0.080488
0.648915 0.056727
0.63308 0.046072
0.637082 0.037812
0.646174 0.035683
0.651822 0.027729
0.659206 0.023696
0.652664 0.008601
0.692021 0.006879
0.680718 0.036346
0.700446 0.059653
0.69958 0.056934
0.696919 0.037174
0.705089 0.021812
0.714783 0.018233
0.749234 0.024426
0.757838 0.020394
0.767076 0.029214
0.713822 0.062995
0.734963 0.05706
0.7545 0.051532
0.727826 0.09294
0.74066 0.092521
0.733205 0.146796
0.744495 0.154253
0.755171 0.1572
0.743827 0.130118
0.762579 0.127791
0.763275 0.113584
0.76977 0.088759
0.789657 0.068533
0.792302 0.057002
0.795154 0.052446
0.801658 0.085245
0.812089 0.105738
0.820388 0.080643
0.818468 0.077202
0.800129 0.071527
0.805179 0.050322
0.800598 0.0453
0.800534 0.040936
0.785257 0.034928
0.784607 0.000966
0.814795 0.011651
0.818714 0.017399
0.840216 0.006866
0.859074 0.016959
0.86223 0.020783
0.840807 0.041923
0.869887 0.026822
0.874121 0.026216
0.888636 0.020685
0.889324 0.016586
0.878525 0.00191
0.917153 0.036183
0.928533 0.005136
0.947964 0.000777
0.952453 0.00462
0.982198 0.013908
0.997696 0.016738
0.981238 0.043474
0.998453 0.057717
0.990866 0.064117
0.993249 0.069031
0.982678 0.091196
0.950838 0.076689
0.94136 0.075185
0.923973 0.07538
0.910216 0.082983
0.925687 0.089609
0.894701 0.095189
0.903774 0.123337
0.867456 0.110581
0.852984 0.130731
0.864301 0.089269
0.871315 0.087457
0.884172 0.093091
0.888584 0.059113
0.881482 0.068067
0.870277 0.060785
0.858304 0.064707
0.853929 0.055739
0.847972 0.066226
0.848623 0.080276
0.848175 0.090618
0.841209 0.101434
0.840863 0.108535
0.833214 0.121647
0.833382 0.125747
0.830212 0.147441
0.802175 0.160851
0.812185 0.174431
0.815881 0.163218
0.817296 0.162861
0.801344 0.199294
0.795313 0.206783
0.753699 0.185876
0.744655 0.193482
0.721636 0.176889
0.71804 0.20516
0.730898 0.200438
0.71583 0.21219
0.731284 0.241112
0.714142 0.256685
0.737245 0.264561
0.736299 0.259881
0.745744 0.264442
0.756076 0.26605
0.750038 0.248567
0.761832 0.230514
0.759497 0.218356
0.775126 0.202264
0.790699 0.210092
0.818811 0.252582
0.815529 0.257127
0.824345 0.249537
0.818991 0.273785
0.824427 0.295698
0.819011 0.307448
0.819228 0.323465
0.825028 0.319471
0.824342 0.313253
0.830641 0.307587
0.825489 0.3331
0.845194 0.327423
0.824933 0.348132
0.849305 0.351234
0.889868 0.333975
0.873514 0.369562
0.845428 0.383917
0.855861 0.386346
0.898662 0.417879
0.882495 0.38912
0.876675 0.368987
0.881909 0.359218
0.893256 0.361395
0.899892 0.350228
0.899462 0.346007
0.917501 0.345818
0.935038 0.337201
0.95261 0.325733
0.926562 0.31907
0.939092 0.294916
0.926414 0.282788
0.908912 0.276117
0.899585 0.281804
0.906611 0.282279
0.924358 0.293945
0.908275 0.312897
0.902779 0.318563
0.896628 0.328505
0.89161 0.330248
0.879668 0.330049
0.878363 0.336886
0.872862 0.338036
0.858541 0.334139
0.855971 0.312989
0.854307 0.295169
0.848545 0.276849
0.8541 0.271978
0.865547 0.260698
0.874279 0.271151
0.869729 0.263703
0.879383 0.247947
0.885696 0.240677
0.866676 0.208375
0.874316 0.226635
0.868129 0.237866
0.858673 0.243605
0.85642 0.243998
0.837905 0.245668
0.821842 0.234622
0.822493 0.221298
0.826844 0.211606
0.841853 0.205494
0.825028 0.193756
0.828104 0.182397
0.830585 0.164164
0.839477 0.151762
0.853111 0.148867
0.857631 0.142342
0.891861 0.191459
0.887168 0.177025
0.882319 0.164329
0.890932 0.158253
0.881176 0.15084
0.869268 0.144904
0.865819 0.127033
0.885383 0.117621
0.903373 0.125728
0.919096 0.126022
0.911958 0.113462
0.923855 0.110922
0.927385 0.097521
0.934731 0.089553
0.947235 0.09009
0.954637 0.092577
0.973148 0.09598
0.981061 0.101346
0.968853 0.1283
0.978818 0.137402
0.95967 0.161406
0.944092 0.141356
0.944407 0.146421
0.947348 0.166546
0.945543 0.180323
0.948508 0.182379
0.932296 0.198575
0.947184 0.202892
0.957607 0.211158
0.964715 0.214914
0.971732 0.219261
0.953913 0.228613
0.918992 0.216824
0.908726 0.238107
0.902572 0.256765
0.920223 0.243788
0.932302 0.22942
0.936706 0.230612
0.947681 0.254008
0.95248 0.246411
0.964914 0.243606
0.96688 0.230229
0.976668 0.221896
0.997024 0.224051
0.992801 0.261203
0.987462 0.273129
0.969021 0.289155
0.964628 0.302943
0.981461 0.313674
0.996248 0.313669
0.969894 0.350574
0.967156 0.35138
0.964625 0.371873
0.959458 0.382122
0.965692 0.389293
0.932867 0.365378
0.923017 0.369079
0.899743 0.385981
0.897615 0.408
0.900477 0.39922
0.91496 0.399209
0.922517 0.396366
0.929811 0.385721
0.951506 0.389304
0.958551 0.39671
0.945585 0.410764
0.952284 0.408546
0.980632 0.408572
0.987537 0.413295
0.992464 0.432192
0.981238 0.428269
0.985873 0.434826
0.962877 0.433144
0.969294 0.45938
0.991234 0.472756
0.97589 0.482481
0.987053 0.482055
0.988138 0.493346
0.973515 0.508972
0.994742 0.528446
0.974821 0.563739
0.948926 0.595618
0.966486 0.596188
0.983224 0.586868
0.991247 0.59501
0.984076 0.604356
0.984698 0.609035
0.998055 0.618292
0.997945 0.705393
0.992644 0.738704
0.992154 0.759369
0.979326 0.760589
0.973202 0.752925
0.976618 0.763295
0.96307 0.752393
0.964959 0.729201
0.957454 0.728998
0.969358 0.714044
0.953684 0.698209
0.957565 0.677549
0.938937 0.68915
0.911063 0.678522
0.909365 0.695838
0.920416 0.695764
0.915828 0.714504
0.918487 0.734495
0.923474 0.717815
0.935289 0.704014
0.949228 0.705726
0.948322 0.713233
0.954238 0.726206
0.951862 0.731636
0.903368 0.750396
0.886159 0.761239
0.905517 0.755264
0.922756 0.755529
0.922466 0.751856
0.939657 0.742043
0.947729 0.751033
0.944866 0.773243
0.914145 0.777509
0.864971 0.771305
0.846105 0.781144
0.858534 0.750983
0.849545 0.72635
0.860747 0.695497
0.873916 0.725742
0.893787 0.726413
0.880253 0.708879
0.87511 0.699883
0.886184 0.693992
0.870248 0.683866
0.891093 0.664988
0.881181 0.670386
0.922025 0.64631
0.959177 0.660498
0.946376 0.6449
0.925524 0.632559
0.90334 0.618706
0.910483 0.631782
0.918475 0.643038
0.912758 0.651288
0.89449 0.653661
0.870329 0.654826
0.864128 0.669845
0.854821 0.679299
0.882077 0.603206
0.91752 0.579205
0.911344 0.577716
0.907256 0.579719
0.889394 0.550754
0.886685 0.556186
0.887461 0.561661
0.888796 0.577375
0.878148 0.588474
0.871062 0.582276
0.866059 0.583632
0.84569 0.585429
0.865112 0.590869
0.867474 0.594314
0.865626 0.617528
0.864661 0.619963
0.850331 0.630162
0.847355 0.640127
0.841552 0.661065
0.836575 0.665233
0.828793 0.678533
0.828889 0.682841
0.827259 0.684401
0.828165 0.70381
0.834199 0.713469
0.80113 0.700797
0.813152 0.714585
0.818817 0.728382
0.832999 0.74697
0.841387 0.75669
0.830448 0.7672
0.802836 0.753623
0.815856 0.773885
0.829223 0.778673
0.825192 0.785836
0.796974 0.790557
0.757792 0.802267
0.750466 0.812095
0.771403 0.816553
0.728196 0.834383
0.697096 0.830214
0.683937 0.853304
0.699852 0.847631
0.705747 0.851958
0.724317 0.854488
0.724583 0.870969
0.709412 0.886758
0.676492 0.882382
0.651338 0.877131
0.661648 0.883132
0.674922 0.886221
0.692038 0.898531
0.694942 0.896605
0.665667 0.928989
0.68474 0.922537
0.691526 0.924128
0.733423 0.952882
0.714841 0.93907
0.708571 0.923898
0.696241 0.906447
0.713842 0.895253
0.721336 0.901029
0.724386 0.894223
0.75759 0.907569
0.749191 0.930947
0.769163 0.8873
0.742527 0.898185
0.745475 0.885633
0.739774 0.869541
0.742962 0.86516
0.759537 0.862968
0.7682 0.858313
0.774675 0.843978
0.797497 0.838944
0.789028 0.818697
0.792407 0.807876
0.807235 0.797155
0.811256 0.801058
0.816604 0.832611
0.814265 0.808885
0.828941 0.796305
0.840959 0.7977
0.844216 0.795084
0.862884 0.793798
0.871332 0.796168
0.877106 0.78874
0.88325 0.782681
0.893218 0.787584
0.894578 0.805596
0.896142 0.809812
0.89491 0.843756
0.902363 0.826098
0.904356 0.812061
0.910493 0.807691
0.915278 0.788365
0.935057 0.777288
0.944543 0.776813
0.94625 0.776055
0.943789 0.807655
0.957553 0.79221
0.963401 0.773196
0.983894 0.783199
0.985607 0.784812
0.959878 0.824112
0.974505 0.814143
0.980286 0.817862
0.977859 0.852868
0.955458 0.845286
0.956782 0.848318
0.9465 0.861158
0.925644 0.843729
0.927782 0.850288
0.92028 0.863237
0.896153 0.848109
0.903501 0.880046
0.907928 0.888418
0.926136 0.86963
0.935517 0.889818
0.949104 0.906469
0.929995 0.92921
0.942804 0.926006
0.95142 0.904936
0.945638 0.881729
0.965519 0.880199
0.969412 0.881532
0.971868 0.893542
0.983888 0.879719
0.989683 0.888356
0.995035 0.930312
0.978225 0.947937
0.98933 0.946906
0.99185 0.952483
0.990505 0.96065
0.967428 0.959809
0.976343 0.974859
0.983981 0.984995
0.960567 0.989365
0.954591 0.996329
0.945396 0.996333
0.932237 0.990952
0.922982 0.987014
0.917338 0.951691
0.917499 0.971964
0.849147 0.991302
0.844367 0.990554
0.859096 0.963167
0.898177 0.941247
0.887118 0.941702
0.868915 0.941556
0.851004 0.953674
0.844068 0.959516
0.831522 0.959524
0.833022 0.969515
0.837802 0.979268
0.832484 0.990115
0.816644 0.971028
0.811224 0.949611
0.832734 0.911542
0.847834 0.924592
0.847216 0.921128
0.850531 0.897981
0.874449 0.904388
0.876654 0.921167
0.877247 0.911727
0.879855 0.90985
0.902193 0.911876
0.881716 0.905927
0.88135 0.892649
0.868977 0.888328
0.858805 0.864475
0.845737 0.838434
0.837705 0.853729
0.847656 0.867637
0.824265 0.870535
0.838455 0.880638
0.837671 0.889412
0.840798 0.898426
0.830472 0.907021
0.818193 0.904266
0.816388 0.890557
0.807142 0.902575
0.810997 0.921564
0.798246 0.930769
0.755878 0.935575
0.74948 0.958001
0.778425 0.952797
0.788118 0.959023
0.783865 0.978028
0.789603 0.977178
0.805086 0.980734
0.812627 0.978291
0.821289 0.986398
0.816541 0.996581
0.771558 0.993031
0.751979 0.99132
0.700108 0.973395
0.681947 0.95982
0.658013 0.947809
0.65487 0.944149
0.646975 0.956414
0.622512 0.99997
0.62023 0.974614
0.606879 0.972188
0.612859 0.976563
0.605665 0.996703
0.59933 0.999363
0.593505 0.990681
0.539916 0.992682
0.522935 0.992073
0.518447 0.957233
0.558755 0.965916
0.547067 0.961087
0.547664 0.945675
0.571744 0.956155
0.575359 0.954911
0.572158 0.952645
0.564694 0.94259
0.551696 0.903066
0.563689 0.91851
0.582268 0.917168
0.583852 0.90559
0.638415 0.92703
0.648046 0.919987
0.636853 0.919037
0.613389 0.910946
0.601185 0.900739
0.584968 0.898998
0.573811 0.89114
0.57494 0.883294
0.622687 0.911478
0.622887 0.910878
0.629398 0.896518
0.633199 0.881514
0.658278 0.846833
0.661425 0.839977
0.656647 0.821359
0.653125 0.839567
0.644365 0.850327
0.627123 0.869515
0.623553 0.870785
0.611403 0.849445
0.594849 0.831288
0.593403 0.842144
0.576559 0.844875
0.590117 0.855674
0.581147 0.868668
0.566967 0.877278
0.556394 0.865876
0.542857 0.862098
0.546906 0.866113
0.526522 0.873711
0.535876 0.877193
0.550044 0.880038
0.549339 0.894728
0.535365 0.905552
0.527912 0.906217
0.514782 0.919325
0.512716 0.925602
0.512538 0.933607
0.497721 0.93835
0.492525 0.948208
0.468927 0.948693
0.478542 0.959673
0.479915 0.957656
0.493207 0.965312
0.496208 0.974691
0.507245 0.984388
0.5051 0.992003
0.476568 0.995728
0.45584 0.995163
0.444915 0.999396
0.441505 0.965804
0.439366 0.977649
0.431609 0.978158
0.43498 0.951461
0.449382 0.924988
0.46496 0.922437
0.464767 0.91288
0.445359 0.916886
0.440422 0.916547
0.401175 0.924831
0.383106 0.902776
0.380532 0.907593
0.38007 0.958483
0.391472 0.935364
0.400875 0.927483
0.422989 0.945651
0.411931 0.95972
0.395854 0.996457
0.3874 0.992805
0.378475 0.991081
0.361674 0.992121
0.353178 0.981393
0.352548 0.987143
0.349288 0.966568
0.350159 0.97964
0.345736 0.986901
0.351062 0.998241
0.329127 0.958156
0.339171 0.964325
0.335981 0.960587
0.366805 0.963239
0.361962 0.957767
0.360712 0.955204
0.358224 0.942414
0.352409 0.934098
0.340535 0.923427
0.358109 0.88488
0.344021 0.857574
0.36053 0.857577
0.411971 0.830466
0.42224 0.841997
0.422388 0.829628
0.432747 0.826568
0.441908 0.846068
0.440737 0.85998
0.400009 0.860336
0.400323 0.866422
0.408981 0.864026
0.420652 0.86582
0.422728 0.885355
0.431319 0.874192
0.456242 0.882684
0.452719 0.879633
0.448328 0.861746
0.457777 0.882434
0.473392 0.868276
0.492767 0.897
0.492893 0.884099
0.486619 0.868942
0.487434 0.857459
0.467534 0.844352
0.453858 0.842991
0.447345 0.839957
0.46863 0.835779
0.479291 0.828809
0.47252 0.789662
0.488868 0.807102
0.494229 0.856509
0.495051 0.851351
0.493985 0.845455
0.499657 0.843005
0.519183 0.835153
0.507084 0.822708
0.502206 0.812863
0.517941 0.80091
0.526269 0.828468
0.562751 0.816232
0.580754 0.799361
0.59191 0.770731
0.587605 0.768424
0.568555 0.765974
0.555791 0.768923
0.586867 0.737284
0.59498 0.718606
0.612816 0.719756
0.611088 0.744088
0.638122 0.734175
0.638278 0.762441
0.622703 0.769859
0.619119 0.804238
0.643873 0.809828
0.626594 0.779009
0.640507 0.779201
0.635346 0.774693
0.670388 0.791927
0.683506 0.79786
0.703159 0.803254
0.693456 0.796619
0.705382 0.801483
0.708371 0.801682
0.725029 0.786262
0.703939 0.785369
0.699168 0.767945
0.688357 0.780819
0.690426 0.760021
0.672349 0.777021
0.668495 0.774134
0.687748 0.737965
0.665524 0.757601
0.645161 0.757227
0.640022 0.754143
0.6473 0.730132
0.652773 0.723125
0.650566 0.718074
0.672644 0.717004
0.67637 0.727724
0.682301 0.71324
0.664478 0.695759
0.675092 0.689646
0.674831 0.670202
0.676251 0.65358
0.695021 0.647349
0.710663 0.631242
0.717745 0.626543
0.706032 0.606877
0.714054 0.622025
0.711072 0.62568
0.701234 0.602746
0.680021 0.622286
0.674127 0.63541
0.678393 0.619979
0.650483 0.628364
0.677499 0.611274
0.659839 0.609782
0.646615 0.609987
0.632244 0.598334
0.625093 0.609105
0.600553 0.623603
0.59656 0.600994
0.611722 0.588367
0.594945 0.580683
0.595408 0.568034
0.646218 0.576392
0.685713 0.581756
0.737648 0.580691
0.743056 0.601338
0.747427 0.590112
0.749675 0.581859
0.750989 0.592413
0.783867 0.634342
0.747812 0.650821
0.71482 0.693236
0.71328 0.69854
0.723214 0.731151
0.724931 0.721391
0.738481 0.719357
0.736479 0.760355
0.744389 0.761995
0.747142 0.766041
0.762954 0.752661
0.778125 0.76501
0.789357 0.758058
0.777608 0.737671
0.758681 0.722401
0.74486 0.716805
0.733855 0.693197
0.72378 0.681767
0.744056 0.665298
0.760052 0.663882
0.772155 0.649081
0.790682 0.699523
0.786636 0.678683
0.790758 0.659138
0.818633 0.646143
0.820628 0.641115
0.837137 0.592612
0.812635 0.601865
0.793951 0.617862
0.790423 0.620155
0.780421 0.60894
0.773955 0.597276
0.76787 0.58066
0.788674 0.567806
0.786498 0.55886
0.788288 0.556531
0.826733 0.565826
0.841719 0.560781
0.860296 0.539763
0.858156 0.536587
0.845167 0.521578
0.869798 0.520487
0.88845 0.520786
0.879833 0.511617
0.873976 0.510309
0.881517 0.506295
0.869768 0.490629
0.86913 0.499479
0.859055 0.481855
0.88561 0.461822
0.905448 0.483229
0.905274 0.512809
0.922866 0.505516
0.929168 0.504915
0.944438 0.500208
0.930775 0.534064
0.920993 0.554198
0.92653 0.544756
0.952628 0.542106
0.947991 0.517821
0.947188 0.500134
0.946164 0.496648
0.954884 0.494686
0.948263 0.488846
0.941892 0.48781
0.950169 0.434705
0.926572 0.453599
0.931852 0.467516
0.92628 0.486214
0.908684 0.480041
0.908141 0.467505
0.89321 0.452537
0.89139 0.454759
0.901444 0.438231
0.884507 0.444231
0.874428 0.448776
0.863922 0.432193
0.848869 0.421854
0.841275 0.422032
0.837917 0.42945
0.822855 0.450808
0.823868 0.451491
0.846864 0.457964
0.859323 0.449099
0.874036 0.468783
0.842244 0.47845
0.854155 0.501772
0.83316 0.50457
0.822479 0.507952
0.81629 0.474217
0.78585 0.44851
0.784083 0.429922
0.802591 0.424466
0.812156 0.426035
0.809185 0.414708
0.814273 0.399364
0.801911 0.409652
0.79753 0.404781
0.780177 0.393517
0.788116 0.371468
0.820692 0.358074
0.813536 0.359159
0.795892 0.355387
0.795448 0.32561
0.790185 0.335531
0.760406 0.355119
0.766602 0.36266
0.766513 0.366787
0.769272 0.364293
0.775019 0.364213
0.783365 0.375417
0.777804 0.383539
0.766248 0.401297
0.775544 0.411266
0.769122 0.423608
0.725961 0.423711
0.726696 0.394152
0.728002 0.368591
0.753405 0.32815
0.764216 0.322226
0.765611 0.306641
0.76097 0.306685
0.765003 0.285231
0.760331 0.30463
0.740491 0.303838
0.709874 0.301913
0.717997 0.311055
0.732091 0.314264
0.734996 0.31877
0.741699 0.322085
0.739016 0.332137
0.730712 0.353177
0.707312 0.352571
0.713439 0.34441
0.705485 0.35093
0.685395 0.365186
0.674674 0.354783
0.678114 0.359709
0.658542 0.366254
0.666391 0.342112
0.657796 0.340626
0.654221 0.353249
0.654168 0.361361
0.631321 0.365382
0.623769 0.373493
0.623557 0.381035
0.608265 0.398212
0.610885 0.400841
0.572919 0.388982
0.55124 0.374621
0.509885 0.350363
0.522256 0.35887
0.540814 0.374099
0.539255 0.379538
0.556346 0.404257
0.534673 0.418267
0.534769 0.425901
0.5385 0.432534
0.499369 0.406694
0.491201 0.390947
0.488312 0.352948
0.481963 0.360904
0.472415 0.362814
0.481329 0.341177
0.480093 0.309981
0.478389 0.313706
0.479456 0.306524
0.493329 0.297046
0.471251 0.293655
0.46254 0.30967
0.471383 0.316736
0.464878 0.331741
0.412018 0.332093
0.388524 0.335884
0.359527 0.344559
0.363087 0.348293
0.373708 0.351329
0.374468 0.374071
0.344873 0.378946
0.351073 0.37935
0.394014 0.383169
0.39147 0.378762
0.383374 0.363144
0.381969 0.345288
0.396057 0.346154
0.405448 0.354717
0.428187 0.3423
0.441955 0.366671
0.418494 0.376577
0.42385 0.39143
0.427689 0.373841
0.442083 0.377646
0.447778 0.372294
0.474102 0.387264
0.482015 0.413938
0.498222 0.420097
0.426327 0.428144
0.426861 0.432129
0.455128 0.445666
0.469692 0.454916
0.480748 0.442509
0.506248 0.43307
0.511721 0.457133
0.519712 0.460904
0.493311 0.475397
0.49444 0.48925
0.446518 0.529072
0.452811 0.528489
0.46212 0.531828
0.484075 0.511059
0.485479 0.511922
0.488449 0.512487
0.503079 0.529876
0.50364 0.511972
0.514024 0.504536
0.505031 0.497424
0.502748 0.485461
0.506332 0.482227
0.523975 0.529996
0.538246 0.515636
0.541481 0.511854
0.566659 0.476016
0.549403 0.492971
0.547363 0.495079
0.533004 0.500143
0.52238 0.487229
0.529774 0.476369
0.525616 0.457904
0.551736 0.4477
0.56025 0.449489
0.560024 0.448056
0.595945 0.447613
0.624392 0.454375
0.614935 0.448114
0.601839 0.438377
0.582884 0.434378
0.57394 0.431176
0.566718 0.418236
0.569681 0.415569
0.572846 0.409994
0.590614 0.409348
0.60828 0.405839
0.626422 0.420398
0.629264 0.417757
0.648226 0.425925
0.634918 0.415826
0.637078 0.410567
0.633805 0.389992
0.634711 0.381308
0.653726 0.369259
0.655214 0.368587
0.663143 0.380983
0.672241 0.409951
0.677784 0.408633
0.676982 0.402384
0.679251 0.400195
0.673766 0.390758
0.681717 0.378848
0.68722 0.382273
0.687482 0.373235
0.69982 0.376404
0.716724 0.389458
0.714735 0.406048
0.710052 0.409652
0.706598 0.411113
0.699544 0.418894
0.701905 0.421638
0.697249 0.432738
0.707435 0.426976
0.71416 0.421336
0.698046 0.435815
0.68478 0.445609
0.695839 0.439828
0.703712 0.446358
0.706988 0.451964
0.717485 0.452341
0.73779 0.475682
0.722371 0.45225
0.732707 0.438124
0.737132 0.434732
0.75712 0.434693
0.773839 0.444603
0.768604 0.466402
0.790105 0.468928
0.793627 0.468783
0.804381 0.491991
0.810596 0.500926
0.785411 0.483117
0.78684 0.489043
0.787326 0.505525
0.775456 0.513917
0.796156 0.518887
0.81063 0.510798
0.82535 0.521833
0.83831 0.547216
0.821181 0.548103
0.807874 0.559333
0.762524 0.548239
0.777535 0.557322
0.777698 0.56229
0.756116 0.571227
0.725704 0.519108
0.74158 0.510122
0.73014 0.502191
0.766423 0.483925
0.737369 0.483348
0.720893 0.490616
0.720934 0.492613
0.718152 0.481721
0.71521 0.49013
0.669062 0.464831
0.681485 0.487169
0.683463 0.493549
0.665311 0.490731
0.670048 0.505898
0.653194 0.50881
0.636054 0.501965
0.669579 0.466523
0.660392 0.472622
0.645164 0.477337
0.631147 0.488088
0.628263 0.493175
0.593381 0.490834
0.599915 0.504964
0.614632 0.4975
0.628839 0.505901
0.641368 0.522405
0.658848 0.517676
0.684167 0.526404
0.70134 0.529636
0.711333 0.539468
0.729255 0.544154
0.747659 0.565263
0.750996 0.57635
0.738161 0.577007
0.718456 0.575251
0.711751 0.570394
0.70502 0.572922
0.674635 0.561597
0.671349 0.574286
0.672592 0.5325
0.665758 0.551849
0.649657 0.569559
0.647083 0.566325
0.627852 0.568778
0.626474 0.564088
0.623772 0.552194
0.636643 0.542068
0.609133 0.539167
0.60767 0.551239
0.570619 0.554961
0.586682 0.56059
0.582479 0.578713
0.538907 0.601861
0.537777 0.545755
0.535595 0.577434
0.520912 0.581568
0.50197 0.56846
0.490061 0.557309
0.498807 0.566817
0.488457 0.583011
0.471242 0.572092
0.477366 0.585606
0.487815 0.58366
0.494585 0.59786
0.514996 0.593636
0.520822 0.604409
0.513146 0.630951
0.516533 0.623475
0.509416 0.652771
0.490147 0.632731
0.481429 0.615964
0.476507 0.63951
0.478393 0.645992
0.465921 0.615302
0.466561 0.617422
0.444902 0.626541
0.436239 0.64436
0.429361 0.651225
0.4438 0.654752
0.455284 0.670003
0.423887 0.666744
0.405951 0.683669
0.394198 0.672018
0.384254 0.666042
0.388419 0.687723
0.408758 0.700016
0.4076 0.691044
0.413442 0.684407
0.434494 0.683475
0.430746 0.696923
0.442455 0.686183
0.451149 0.687275
0.469396 0.680482
0.469365 0.673364
0.469522 0.671517
0.475237 0.666514
0.487311 0.655024
0.502585 0.669378
0.49804 0.68674
0.476938 0.711693
0.446704 0.712257
0.428371 0.726235
0.437023 0.722197
0.443666 0.750665
0.446579 0.757519
0.457159 0.749333
0.446056 0.732846
0.464371 0.723155
0.495941 0.735956
0.495547 0.722923
0.492677 0.70858
0.496291 0.7055
0.539861 0.711
0.546002 0.687008
0.530184 0.681822
0.516143 0.679634
0.518689 0.66104
0.520991 0.656962
0.519933 0.643822
0.546847 0.648048
0.555405 0.644798
0.566675 0.64003
0.567898 0.619289
0.556734 0.612337
0.555294 0.597524
0.576893 0.59526
0.587495 0.607943
0.601351 0.629741
0.604577 0.625777
0.605741 0.62175
0.617603 0.624083
0.62184 0.636596
0.627103 0.624404
0.632713 0.627704
0.64253 0.62527
0.64809 0.633486
0.64553 0.646682
0.649726 0.651853
0.65484 0.665699
0.646226 0.675223
0.611045 0.662989
0.612959 0.649748
0.602572 0.631748
0.608368 0.646942
0.583178 0.661322
0.592709 0.666649
0.604111 0.67275
0.605695 0.677209
0.618597 0.685856
0.630983 0.69013
0.639826 0.69588
0.649639 0.698685
0.646957 0.709748
0.627495 0.718378
0.617914 0.717278
0.612596 0.706494
0.591441 0.712742
0.581078 0.689273
0.567749 0.673292
0.573966 0.685123
0.571465 0.700421
0.566966 0.722702
0.562069 0.73385
0.553534 0.733744
0.547635 0.738791
0.53572 0.750635
0.519123 0.741976
0.518412 0.745608
0.527008 0.751301
0.528765 0.754854
0.539491 0.767581
0.52644 0.782295
0.507627 0.783368
0.495998 0.791835
0.488 0.795892
0.476885 0.777535
0.471047 0.784666
0.459873 0.781894
0.471198 0.790438
0.463344 0.801491
0.45849 0.802879
0.447203 0.810268
0.425717 0.807748
0.406215 0.795706
0.414773 0.80598
0.413914 0.815863
0.406228 0.823622
0.390617 0.835533
0.371546 0.824978
0.368013 0.809489
0.360505 0.80472
0.362464 0.814651
0.362125 0.81559
0.341733 0.811198
0.341684 0.795757
0.370684 0.78219
0.350997 0.772584
0.356738 0.755994
0.367772 0.739659
0.365677 0.716039
0.348177 0.694652
0.351287 0.710899
0.336208 0.686965
0.323735 0.70332
0.320436 0.743499
0.313098 0.74331
0.319554 0.74982
0.335631 0.746554
0.342345 0.761361
0.332 0.766222
0.312579 0.784313
0.296079 0.782323
0.265574 0.81149
0.279668 0.804505
0.261992 0.834715
0.247355 0.848046
0.24237 0.799146
0.265269 0.771099
0.25392 0.776048
0.227904 0.8095
0.235215 0.813171
0.237379 0.819021
0.226486 0.833979
0.230613 0.838667
0.249397 0.857438
0.26602 0.844414
0.282214 0.835516
0.286631 0.812277
0.306476 0.807878
0.319254 0.802425
0.327705 0.817044
0.326103 0.828339
0.337129 0.820272
0.348629 0.840584
0.349688 0.853317
0.329612 0.861008
0.330681 0.86114
0.339163 0.862357
0.340772 0.874285
0.33569 0.883627
0.330543 0.899558
0.290094 0.868365
0.294738 0.875263
0.305285 0.893508
0.311934 0.90186
0.313991 0.909397
0.298 0.932018
0.308527 0.921029
0.323596 0.917363
0.327165 0.925523
0.315488 0.939616
0.315892 0.964643
0.319373 0.968621
0.308928 0.979379
0.222379 0.990674
0.221773 0.980969
0.230617 0.971705
0.251395 0.953519
0.263468 0.941657
0.276855 0.916452
0.261497 0.887826
0.236558 0.893463
0.234288 0.897432
0.243185 0.900646
0.248129 0.899559
0.252081 0.906907
0.249353 0.91326
0.238354 0.933781
0.243434 0.945386
0.224576 0.962478
0.220533 0.966999
0.180443 0.975432
0.163077 0.984841
0.15507 0.983831
0.152434 0.993482
0.147414 0.958664
0.146555 0.959003
0.142693 0.962437
0.117671 0.958311
0.131783 0.972594
0.130011 0.976265
0.124342 0.984621
0.118223 0.996222
0.102106 0.983594
0.10187 0.987079
0.103377 0.995822
0.098503 0.998161
0.073795 0.998731
0.073765 0.981878
0.067322 0.97072
0.05112 0.969119
0.046952 0.983453
0.047001 0.994278
0.043202 0.996194
0.018495 0.995305
0.003584 0.982839
0.029847 0.967244
0.016568 0.949682
0.027142 0.937933
0.040599 0.948612
0.059311 0.938711
0.072247 0.928487
0.087852 0.925153
0.072317 0.92131
0.066964 0.925198
0.066455 0.926027
0.054314 0.931331
0.047761 0.910309
0.047219 0.913013
0.021162 0.913222
0.001009 0.9012
0.00411 0.893211
0.026556 0.89873
0.030625 0.884956
0.017287 0.892753
0.013156 0.887824
0.009225 0.831018
0.013825 0.828921
0.034938 0.859846
0.033707 0.844135
0.030737 0.838172
0.03751 0.829102
0.062158 0.856708
0.049147 0.867516
0.051157 0.883946
0.071303 0.890277
0.061981 0.877572
0.065639 0.869338
0.071504 0.869656
0.091146 0.879491
0.088676 0.873751
0.086807 0.862684
0.093178 0.856701
0.12796 0.847611
0.127693 0.871955
0.159918 0.872284
0.17645 0.872828
0.179152 0.876782
0.130576 0.898054
0.136666 0.913355
0.110919 0.910261
0.108557 0.912652
0.127267 0.934268
0.125913 0.91808
0.159935 0.933037
0.174154 0.939518
0.170935 0.925129
0.188213 0.944482
0.196794 0.945945
0.199166 0.927973
0.215393 0.93328
0.194565 0.921245
0.177627 0.925049
0.173005 0.920866
0.148322 0.913734
0.152636 0.900519
0.155158 0.900866
0.159726 0.901515
0.173719 0.895743
0.188549 0.898754
0.194021 0.883377
0.21265 0.876131
0.226924 0.866286
0.213771 0.863666
0.184639 0.858856
0.178502 0.841425
0.169187 0.84441
0.179994 0.857189
0.179475 0.864482
0.169562 0.870682
0.166766 0.871536
0.162806 0.871014
0.160422 0.870367
0.154112 0.864341
0.161683 0.855415
0.147238 0.856137
0.152111 0.837094
0.135215 0.832772
0.119813 0.835634
0.115259 0.837894
0.116679 0.84388
0.107134 0.847248
0.093416 0.85077
0.090516 0.849303
0.078599 0.851317
0.069019 0.845133
0.073513 0.837648
0.092158 0.805908
0.105898 0.759658
0.102298 0.756614
0.07822 0.756789
0.084737 0.766095
0.053817 0.763035
0.059272 0.767122
0.085034 0.794903
0.082927 0.799224
0.07788 0.803751
0.082937 0.81807
0.068041 0.82829
0.056461 0.82569
0.053064 0.818562
0.049942 0.800675
0.044708 0.807814
0.038677 0.809121
0.016883 0.801195
0.026935 0.788541
0.002689 0.786458
0.010574 0.7589
0.010547 0.750115
0.007897 0.742729
0.034706 0.722202
0.023347 0.71442
0.016783 0.725393
0.000852 0.723103
0.002726 0.716177
0.011469 0.691937
0.024891 0.684305
0.056278 0.687082
0.058497 0.699109
0.066769 0.713431
0.087233 0.721279
0.085444 0.718059
0.113577 0.765195
0.108149 0.753197
0.105322 0.736166
0.111444 0.721062
0.144782 0.740366
0.151922 0.720846
0.155009 0.715445
0.164028 0.75693
0.18064 0.776634
0.136378 0.791111
0.125748 0.765322
0.125895 0.768651
0.12 0.773872
0.126182 0.802305
0.154532 0.803751
0.164744 0.786594
0.168778 0.787231
0.188022 0.783035
0.185412 0.814756
0.192087 0.812916
0.207704 0.792783
0.204444 0.788707
0.226434 0.775093
0.217342 0.769893
0.193498 0.770707
0.194993 0.756251
0.190701 0.758547
0.178763 0.738635
0.176776 0.723039
0.225025 0.732018
0.236336 0.765107
0.23762 0.747514
0.24779 0.735638
0.271639 0.759954
0.269312 0.752726
0.280199 0.702999
0.288663 0.70966
0.274403 0.677503
0.273244 0.694428
0.265224 0.708712
0.248347 0.722676
0.233165 0.721214
0.21341 0.723102
0.215697 0.688879
0.208398 0.694466
0.200073 0.685268
0.220715 0.683448
0.234178 0.670819
0.275519 0.647371
0.283143 0.626998
0.281654 0.616107
0.280453 0.597399
0.296041 0.595378
0.289525 0.579405
0.276256 0.57207
0.297683 0.567797
0.311266 0.559927
0.32182 0.570613
0.331858 0.570248
0.312498 0.619018
0.321767 0.614712
0.314265 0.633817
0.313795 0.650787
0.318936 0.648042
0.338238 0.658715
0.341614 0.661933
0.361401 0.645657
0.350181 0.634598
0.349426 0.631215
0.361662 0.629132
0.375519 0.639035
0.403432 0.639382
0.461829 0.571734
0.437752 0.583526
0.426206 0.594755
0.420565 0.605329
0.404475 0.606106
0.394377 0.624148
0.370936 0.619948
0.358605 0.623776
0.355796 0.621719
0.339164 0.619642
0.335272 0.597666
0.356053 0.589653
0.404926 0.57893
0.433501 0.570895
0.408467 0.565852
0.395945 0.56092
0.371191 0.568567
0.347652 0.580661
0.335876 0.559559
0.345902 0.537883
0.356359 0.518238
0.388437 0.530202
0.415875 0.538179
0.417612 0.519423
0.432532 0.525407
0.421571 0.516766
0.422424 0.511785
0.424619 0.507427
0.430888 0.498271
0.43889 0.476692
0.430822 0.470615
0.411119 0.474237
0.406519 0.483605
0.400481 0.487366
0.396757 0.493329
0.386845 0.514975
0.372101 0.510525
0.358567 0.484613
0.36235 0.475395
0.366335 0.475815
0.391499 0.456349
0.376799 0.435601
0.38398 0.425802
0.411396 0.430537
0.404464 0.427585
0.361326 0.413885
0.348667 0.406265
0.290288 0.406202
0.26394 0.394423
0.266884 0.411702
0.254453 0.394828
0.254504 0.430506
0.280006 0.426969
0.271947 0.445232
0.286921 0.455884
0.302336 0.449804
0.282956 0.436904
0.300077 0.431302
0.305663 0.40702
0.313629 0.409747
0.321005 0.409884
0.331754 0.45049
0.344343 0.437347
0.357084 0.432083
0.359956 0.428819
0.373023 0.426623
0.37857 0.442066
0.385393 0.448524
0.382081 0.460273
0.371877 0.466415
0.361037 0.471853
0.319492 0.471723
0.336587 0.481383
0.344279 0.487492
0.352591 0.506354
0.350444 0.516258
0.337655 0.529607
0.319658 0.533013
0.316334 0.510786
0.307026 0.499177
0.300212 0.495554
0.260977 0.483241
0.258678 0.46892
0.256098 0.486404
0.252496 0.467528
0.249509 0.491889
0.26389 0.487693
0.28727 0.498061
0.287405 0.510223
0.299858 0.514094
0.30683 0.528424
0.30667 0.545188
0.306941 0.549757
0.288869 0.556779
0.274598 0.543818
0.276199 0.557954
0.264322 0.577285
0.267795 0.544173
0.262105 0.541137
0.248037 0.539356
0.267346 0.519288
0.251722 0.523567
0.241737 0.528611
0.241363 0.535064
0.239213 0.536153
0.229122 0.5352
0.226585 0.532292
0.218993 0.529593
0.206552 0.500921
0.195786 0.50645
0.208406 0.509799
0.207417 0.513202
0.175745 0.525397
0.136013 0.534757
0.163544 0.54695
0.168284 0.544819
0.143147 0.562969
0.147679 0.569553
0.167902 0.555133
0.193011 0.559038
0.19189 0.543126
0.211638 0.535696
0.220957 0.541929
0.22493 0.543379
0.232907 0.55308
0.230106 0.558429
0.22462 0.577397
0.22821 0.578417
0.223984 0.588367
0.223517 0.594357
0.226531 0.591865
0.232125 0.585496
0.238058 0.587546
0.229641 0.615554
0.242667 0.607434
0.257411 0.606787
0.263677 0.60852
0.270601 0.625904
0.254314 0.650088
0.243254 0.64878
0.234292 0.658605
0.221415 0.658944
0.214992 0.658541
0.194085 0.660563
0.192112 0.682499
0.179844 0.689555
0.169343 0.651772
0.167632 0.662819
0.155307 0.67105
0.169886 0.616521
0.161375 0.621736
0.171574 0.603881
0.166132 0.6036
0.165026 0.60098
0.151035 0.596106
0.151895 0.601162
0.131364 0.593315
0.117184 0.595307
0.125471 0.599271
0.129695 0.599945
0.148278 0.613516
0.148184 0.632204
0.13756 0.636862
0.14104 0.643778
0.140617 0.647623
0.13119 0.678025
0.15647 0.696294
0.148105 0.71063
0.147656 0.713896
0.148049 0.719209
0.143773 0.736939
0.134807 0.734448
0.11948 0.722491
0.115373 0.713842
0.106606 0.700183
0.109801 0.711944
0.103127 0.71542
0.086553 0.709123
0.086479 0.678959
0.101091 0.675146
0.096071 0.6512
0.084677 0.665285
0.075957 0.664902
0.060132 0.656189
0.062242 0.642481
0.104006 0.625387
0.090324 0.617166
0.080593 0.616813
0.064408 0.614299
0.05181 0.6228
0.034424 0.642231
0.039354 0.645839
0.035648 0.665897
0.035018 0.676934
0.020905 0.676611
0.005999 0.662461
0.003207 0.5928
0.033863 0.598584
0.019906 0.590658
0.012878 0.561589
0.003268 0.541851
0.012917 0.533478
0.016528 0.530451
0.040472 0.547898
0.052392 0.552887
0.053908 0.580016
0.062523 0.582532
0.071293 0.569484
0.080133 0.55548
0.067896 0.555087
0.066299 0.539177
0.051324 0.51171
0.070398 0.511051
0.057479 0.497515
0.043797 0.505965
0.029859 0.495797
0.015724 0.478176
0.002932 0.477537
0.015458 0.45122
0.001889 0.41888
0.00026 0.342318
0.008167 0.339111
0.016693 0.324241
0.003651 0.291724
0.042669 0.315203
0.034175 0.347012
0.037423 0.336512
0.04139 0.33398
0.043984 0.325223
0.055709 0.313799
0.048956 0.313307
0.045379 0.311634
0.039279 0.299931
0.051489 0.279724
0.073483 0.293951
0.08392 0.300186
0.097882 0.316883
0.12064 0.310145
0.113861 0.309358
0.123274 0.30249
0.112842 0.304957
0.09137 0.303537
0.093823 0.296936
0.106808 0.262251
0.091906 0.270372
0.098945 0.275358
0.092955 0.287219
0.084727 0.288611
0.076098 0.280323
0.058674 0.256864
0.051099 0.276471
0.040151 0.276909
0.032695 0.267645
0.017202 0.272222
0.003403 0.26978
0.00074 0.244446
0.008392 0.23488
0.011484 0.243599
0.015111 0.236368
0.053854 0.248806
0.045464 0.23397
0.02476 0.225256
0.004046 0.223279
0.006333 0.208753
0.020806 0.169532
0.020941 0.161507
0.00748 0.158161
0.003963 0.146178
0.004543 0.142334
0.037798 0.148771
0.02967 0.140144
0.021361 0.141591
0.00862 0.131714
0.000917 0.100663
0.011311 0.0773
0.018087 0.072487
0.009738 0.070307
0.000188 0.046681
