400
0.03463 0.166752
0.062679 0.176522
0.082149 0.17491
0.078642 0.154532
0.04261 0.149384
0.073073 0.108322
0.051474 0.124817
0.02418 0.122862
0.002253 0.071212
0.07878 0.061457
0.080253 0.042904
0.164859 0.012792
0.243455 0.030098
0.259144 0.063156
0.284403 0.087022
0.279249 0.047964
0.284636 0.030398
0.338749 0.025711
0.331344 0.023526
0.333165 0.013656
0.378278 0.04867
0.387183 0.06651
0.463858 0.065848
0.466578 0.115702
0.436888 0.140218
0.487685 0.124631
0.473729 0.110995
0.489357 0.091523
0.546831 0.166017
0.532265 0.104301
0.529228 0.038596
0.531381 0.049546
0.558106 0.033074
0.586295 0.069556
0.592948 0.067418
0.675514 0.015516
0.667152 0.028761
0.667518 0.03701
0.60246 0.131003
0.637634 0.107545
0.658367 0.094612
0.6198 0.172559
0.730639 0.170259
0.704362 0.203336
0.676728 0.274991
0.568477 0.253758
0.559291 0.286191
0.445126 0.257995
0.475345 0.274073
0.511186 0.27765
0.529445 0.31587
0.532727 0.323907
0.538219 0.314373
0.565897 0.331359
0.586454 0.365455
0.606052 0.372277
0.602486 0.383016
0.614607 0.372365
0.630049 0.335039
0.648407 0.330295
0.738835 0.2757
0.75212 0.307485
0.626231 0.418652
0.700876 0.391324
0.716006 0.371489
0.813592 0.476927
0.802798 0.48963
0.837351 0.452848
0.803397 0.454641
0.839678 0.445816
0.772695 0.430887
0.778583 0.356437
0.788333 0.332527
0.785606 0.32074
0.816898 0.317274
0.788513 0.309026
0.89927 0.32617
0.858827 0.298439
0.837578 0.287646
0.795879 0.281416
0.760981 0.251046
0.734872 0.261379
0.696871 0.257635
0.69664 0.234316
0.708559 0.20827
0.745164 0.18262
0.91605 0.253631
0.91632 0.204611
0.881662 0.216191
0.852479 0.1999
0.821646 0.16564
0.780093 0.16172
0.769149 0.10959
0.751131 0.099387
0.706899 0.090256
0.675529 0.05106
0.679247 0.027233
0.746605 0.002989
0.781889 0.00819
0.785085 0.011543
0.776119 0.056918
0.835828 0.026882
0.89916 0.144018
0.914826 0.106834
0.967836 0.111241
0.967402 0.11376
0.974555 0.224674
0.983124 0.240907
0.984767 0.256089
0.967584 0.290183
0.954602 0.355785
0.956836 0.36127
0.842262 0.443759
0.910986 0.420119
0.944206 0.4235
0.960421 0.439468
0.972691 0.466989
0.974297 0.47907
0.967582 0.488425
0.937823 0.578583
0.895281 0.506176
0.869476 0.551615
0.867078 0.554609
0.816377 0.571804
0.837863 0.58489
0.889963 0.589223
0.780694 0.627164
0.840737 0.636362
0.860457 0.637998
0.905113 0.632092
0.914624 0.667578
0.865987 0.689225
0.887065 0.719412
0.89389 0.723056
0.899692 0.722504
0.842423 0.755616
0.749318 0.780537
0.718081 0.775094
0.7535 0.66904
0.743871 0.660031
0.736264 0.681379
0.651909 0.547528
0.639859 0.468528
0.589356 0.46298
0.627053 0.497308
0.550447 0.501018
0.572563 0.543957
0.578111 0.530903
0.645525 0.547432
0.592018 0.633935
0.648511 0.620481
0.696318 0.689578
0.658957 0.815696
0.688706 0.875543
0.706683 0.834144
0.743553 0.839653
0.819079 0.907443
0.876032 0.858409
0.804471 0.874754
0.791305 0.87586
0.783667 0.839586
0.748432 0.808402
0.779471 0.784985
0.790754 0.787645
0.80628 0.803518
0.827641 0.773584
0.84598 0.77191
0.84855 0.780478
0.856759 0.778793
0.897242 0.744914
0.918892 0.746606
0.921402 0.739333
0.977041 0.745417
0.983942 0.763
0.94036 0.805008
0.9568 0.808177
0.963343 0.810122
0.97557 0.818231
0.992128 0.896083
0.973618 0.970401
0.965794 0.966399
0.938953 0.963897
0.929652 0.923347
0.924392 0.923042
0.923324 0.931553
0.906462 0.957391
0.896779 0.953602
0.889694 0.993974
0.829849 0.971951
0.825151 0.929046
0.800766 0.96279
0.763836 0.948216
0.72859 0.948937
0.715217 0.910333
0.703665 0.931204
0.687786 0.93831
0.675512 0.962052
0.658839 0.923676
0.660384 0.95229
0.607015 0.9926
0.59417 0.981618
0.545964 0.973743
0.528766 0.952456
0.575494 0.912171
0.611878 0.882187
0.564625 0.849033
0.557907 0.838877
0.523463 0.808587
0.577109 0.770213
0.637855 0.747113
0.571856 0.720716
0.540615 0.772408
0.515431 0.725068
0.50548 0.723263
0.453516 0.701128
0.4957 0.588122
0.453252 0.579534
0.466398 0.567653
0.412887 0.565501
0.318481 0.500069
0.349414 0.450262
0.391932 0.46812
0.420331 0.468409
0.441837 0.50777
0.444153 0.475408
0.442525 0.475992
0.430413 0.44408
0.410933 0.409844
0.469341 0.346788
0.433585 0.331532
0.386442 0.328028
0.363178 0.33559
0.321507 0.232982
0.433153 0.240142
0.418385 0.167005
0.361072 0.116468
0.317272 0.08666
0.336804 0.133377
0.320192 0.17649
0.280678 0.179254
0.225536 0.142548
0.230712 0.158972
0.268768 0.201203
0.249703 0.269574
0.284148 0.265175
0.321161 0.306362
0.337245 0.354897
0.357356 0.38075
0.351595 0.415791
0.344024 0.421706
0.313984 0.447285
0.236707 0.382235
0.248295 0.400951
0.239268 0.427193
0.218341 0.465214
0.240496 0.465053
0.274295 0.454832
0.288105 0.466027
0.286046 0.478969
0.287304 0.495823
0.324688 0.523356
0.34797 0.524252
0.36305 0.551233
0.379418 0.609976
0.417333 0.592036
0.428063 0.602163
0.440685 0.606859
0.429853 0.649738
0.366974 0.675294
0.362667 0.681428
0.381041 0.699857
0.370623 0.713491
0.386056 0.773025
0.383966 0.78258
0.424409 0.824936
0.434337 0.794667
0.414169 0.765295
0.437178 0.731507
0.452144 0.737782
0.480467 0.742916
0.505024 0.777462
0.507139 0.816576
0.515992 0.825275
0.52502 0.873831
0.512937 0.9156
0.49337 0.910612
0.492681 0.912158
0.461613 0.890438
0.467648 0.934151
0.362679 0.946688
0.374374 0.887658
0.370472 0.903248
0.344731 0.887719
0.352107 0.907345
0.311491 0.891982
0.300365 0.819812
0.29665 0.777796
0.287932 0.800082
0.320709 0.698017
0.307855 0.704038
0.284361 0.745917
0.252513 0.762849
0.256906 0.785125
0.25716 0.826035
0.26728 0.864958
0.236095 0.900772
0.255365 0.907217
0.238839 0.974652
0.210196 0.98819
0.17978 0.982631
0.174676 0.963451
0.087931 0.955693
0.022782 0.989248
0.014629 0.918318
0.003381 0.903647
0.069934 0.930376
0.075496 0.893881
0.059672 0.90275
0.03181 0.891917
0.004831 0.878387
0.004131 0.868818
0.062721 0.846754
0.052646 0.815427
0.125941 0.848376
0.137768 0.886991
0.174279 0.865981
0.174496 0.883616
0.19422 0.861654
0.180445 0.844688
0.171453 0.847548
0.156809 0.827621
0.143396 0.789497
0.191257 0.761662
0.166405 0.709605
0.114758 0.741342
0.108114 0.785331
0.075558 0.789136
0.059466 0.801538
0.035104 0.78325
0.008087 0.748545
0.018735 0.682611
0.029173 0.678771
0.084914 0.680003
0.098247 0.64051
0.049788 0.639038
0.013122 0.61576
0.118746 0.577165
0.193622 0.543238
0.202443 0.52783
0.173876 0.649024
0.208272 0.60668
0.273419 0.627511
0.29086 0.632573
0.297478 0.582958
0.243549 0.566792
0.222924 0.530138
0.208553 0.493987
0.155139 0.497808
0.14188 0.510203
0.128233 0.52077
0.108037 0.569174
0.054134 0.557865
0.000486 0.437255
0.023495 0.436272
0.032657 0.415588
0.070783 0.421706
0.105212 0.422338
0.102264 0.391187
0.07114 0.401863
0.016447 0.395209
0.012146 0.355944
0.131154 0.347557
0.129128 0.318974
0.183608 0.361053
0.176899 0.331889
0.175862 0.311991
0.149922 0.254499
0.154293 0.194557
0.153422 0.121898
0.168408 0.092291
0.128775 0.101779
0.12427 0.113906
0.136392 0.154373
0.14726 0.167294
0.130728 0.193521
0.134 0.235399
0.122611 0.244007
0.107996 0.264467
0.147045 0.291658
0.125603 0.315616
0.079963 0.316314
0.066488 0.311708
0.052252 0.209481
0.044584 0.234585
0.042132 0.236133
0.015402 0.224643
0.00724 0.211591
0.001473 0.200009
0.002405 0.174735
0.000345 0.145876
