4000
0.019915 0.347245
0.031875 0.342534
0.041159 0.368904
0.046168 0.35665
0.050976 0.343406
0.052344 0.340246
0.049602 0.341612
0.037259 0.330132
0.016107 0.332384
0.009098 0.306099
0.001499 0.293446
0.00968 0.279149
0.040474 0.294834
0.055763 0.305163
0.066316 0.28954
0.059011 0.291924
0.055104 0.282822
0.09486 0.273897
0.105846 0.245676
0.094142 0.259465
0.080754 0.26671
0.062681 0.272918
0.046411 0.272834
0.038255 0.277418
0.033723 0.264228
0.031679 0.27831
0.018274 0.277547
0.000896 0.272634
0.014345 0.24134
0.007024 0.212886
0.050486 0.198945
0.060701 0.2054
0.040062 0.21971
0.03759 0.24156
0.050255 0.249707
0.053229 0.251036
0.061234 0.244073
0.060272 0.237785
0.070764 0.23387
0.060785 0.226832
0.056209 0.220031
0.077331 0.230853
0.092133 0.225229
0.090738 0.218025
0.10618 0.212745
0.130409 0.225324
0.131232 0.238312
0.131386 0.256749
0.13527 0.244659
0.138239 0.262152
0.137758 0.265203
0.140086 0.264189
0.137373 0.26995
0.140286 0.273267
0.114085 0.289977
0.118605 0.288099
0.129664 0.304293
0.106829 0.301888
0.08396 0.301988
0.08422 0.304012
0.082118 0.30842
0.087421 0.306829
0.103889 0.326575
0.106663 0.327881
0.125483 0.341477
0.116307 0.332991
0.11524 0.323436
0.124843 0.31931
0.135866 0.318407
0.134706 0.367311
0.116058 0.356232
0.115732 0.361013
0.113028 0.372808
0.101886 0.382138
0.100717 0.390382
0.087584 0.393401
0.081433 0.386183
0.093989 0.354998
0.07808 0.356911
0.07077 0.364279
0.069258 0.369274
0.071964 0.381937
0.063614 0.389853
0.049297 0.377372
0.039034 0.38918
0.039858 0.393055
0.051931 0.390189
0.05649 0.3968
0.061183 0.400389
0.047921 0.417364
0.061366 0.401199
0.0804 0.402786
0.087901 0.400964
0.065377 0.430634
0.081728 0.434817
0.081811 0.422891
0.091802 0.419998
0.105681 0.404234
0.107695 0.410499
0.120179 0.42576
0.113568 0.407344
0.116541 0.40276
0.113016 0.394937
0.117875 0.3894
0.118558 0.385054
0.128061 0.373747
0.134482 0.439015
0.133943 0.429771
0.141261 0.421033
0.137864 0.399334
0.137582 0.394575
0.141627 0.385792
0.163692 0.375174
0.168488 0.384946
0.17733 0.39219
0.159934 0.400834
0.146169 0.409768
0.147495 0.409657
0.169822 0.429604
0.162677 0.408546
0.168704 0.398334
0.175998 0.404662
0.186831 0.433995
0.181503 0.408058
0.179783 0.401935
0.19064 0.438926
0.19058 0.435074
0.196436 0.473516
0.175002 0.463386
0.159915 0.449639
0.168684 0.459451
0.172253 0.462968
0.160332 0.457416
0.167134 0.469517
0.180038 0.477019
0.185194 0.472868
0.1976 0.487422
0.197835 0.478222
0.198288 0.502669
0.195603 0.506502
0.203985 0.52141
0.211107 0.54788
0.214586 0.520219
0.210835 0.509916
0.208059 0.494468
0.212912 0.481963
0.235358 0.523441
0.246019 0.519271
0.273645 0.498354
0.276505 0.488868
0.299548 0.492055
0.289656 0.487731
0.263305 0.482429
0.26634 0.4853
0.261159 0.503144
0.253734 0.506516
0.239919 0.506774
0.235651 0.50774
0.231537 0.493385
0.247195 0.473039
0.24004 0.471028
0.238949 0.472276
0.22023 0.469181
0.204428 0.474118
0.197846 0.462042
0.208492 0.443376
0.217988 0.440331
0.240336 0.448428
0.252586 0.449075
0.267438 0.454341
0.268098 0.447496
0.27977 0.457325
0.283047 0.456426
0.295878 0.457254
0.307824 0.455254
0.309453 0.452206
0.289848 0.438976
0.314465 0.431757
0.326395 0.430528
0.32151 0.428966
0.331322 0.426635
0.332429 0.449824
0.330569 0.47144
0.347203 0.46586
0.346211 0.458255
0.346369 0.43827
0.349351 0.44021
0.359787 0.436717
0.354393 0.438099
0.348971 0.422184
0.34345 0.413789
0.360218 0.41827
0.373404 0.41469
0.397037 0.421912
0.380065 0.47317
0.397546 0.477008
0.388023 0.45738
0.39855 0.453115
0.400466 0.44712
0.409803 0.44925
0.423169 0.473362
0.415816 0.493581
0.402958 0.506666
0.407087 0.503912
0.411577 0.507331
0.415763 0.510595
0.379391 0.527963
0.37735 0.530649
0.360038 0.514491
0.359768 0.49545
0.356639 0.488463
0.355308 0.499493
0.358253 0.502928
0.327224 0.489172
0.332088 0.478503
0.325082 0.487175
0.302194 0.486142
0.323166 0.492733
0.329307 0.496567
0.340832 0.502996
0.337957 0.516627
0.349679 0.513825
0.355192 0.52837
0.365138 0.524788
0.369299 0.533032
0.354023 0.55125
0.353613 0.56807
0.354955 0.598128
0.332772 0.598551
0.336565 0.603253
0.323564 0.601403
0.311068 0.592994
0.319393 0.577346
0.320653 0.567043
0.317605 0.557962
0.318981 0.520925
0.31176 0.509461
0.305836 0.515632
0.285958 0.526328
0.306467 0.529722
0.306967 0.541416
0.299623 0.543671
0.305106 0.553379
0.303743 0.554494
0.307896 0.558387
0.266844 0.548131
0.273615 0.551156
0.275884 0.554142
0.246521 0.550687
0.228532 0.554963
0.230378 0.569137
0.234654 0.572635
0.271722 0.564901
0.275495 0.562503
0.288927 0.562735
0.295787 0.57457
0.306153 0.569151
0.316618 0.577295
0.305972 0.596633
0.296367 0.591946
0.268073 0.578977
0.26955 0.59068
0.276352 0.583672
0.288282 0.598806
0.296932 0.600092
0.30555 0.652318
0.303137 0.635295
0.311388 0.62704
0.320499 0.621979
0.326971 0.627345
0.326407 0.630588
0.312276 0.654375
0.350702 0.633364
0.343212 0.630966
0.340708 0.624954
0.340553 0.623012
0.335324 0.617876
0.340338 0.605514
0.363033 0.602243
0.383741 0.609558
0.390302 0.617798
0.387212 0.622471
0.358587 0.62651
0.37639 0.630931
0.383788 0.637513
0.391767 0.655318
0.351694 0.651659
0.351342 0.632944
0.321344 0.658756
0.337619 0.672718
0.342377 0.69733
0.306858 0.683233
0.269323 0.719194
0.263862 0.725928
0.274744 0.725715
0.274903 0.721346
0.29429 0.719092
0.309969 0.713232
0.314162 0.714695
0.331495 0.711302
0.366087 0.682135
0.354477 0.684653
0.342663 0.672589
0.351031 0.661433
0.351722 0.660061
0.356169 0.656891
0.363279 0.660776
0.378301 0.660839
0.38655 0.669359
0.386557 0.670757
0.389864 0.674228
0.397116 0.677567
0.389069 0.699878
0.362308 0.714456
0.357352 0.725411
0.369035 0.720052
0.377804 0.715337
0.380046 0.715169
0.39711 0.708756
0.410353 0.711621
0.399809 0.704366
0.397178 0.703182
0.393257 0.690272
0.402191 0.682087
0.414727 0.710755
0.442602 0.69797
0.443931 0.684926
0.446545 0.681732
0.472346 0.67622
0.475906 0.683747
0.465391 0.718625
0.474344 0.706209
0.478386 0.705987
0.4825 0.699626
0.504356 0.691623
0.502769 0.695854
0.48998 0.724184
0.475993 0.735606
0.487031 0.742602
0.49203 0.743257
0.493043 0.74813
0.496484 0.745823
0.508502 0.744726
0.500772 0.734352
0.506084 0.727571
0.518614 0.719912
0.499853 0.711426
0.501245 0.710006
0.510037 0.704299
0.505047 0.698725
0.507339 0.694782
0.513823 0.687433
0.531641 0.699098
0.541594 0.695828
0.545219 0.691799
0.535198 0.714723
0.535618 0.723626
0.525279 0.735629
0.536828 0.72506
0.545106 0.720152
0.557399 0.716013
0.572868 0.716494
0.563661 0.714738
0.557841 0.707947
0.566313 0.70516
0.577565 0.694061
0.577633 0.698975
0.586973 0.727232
0.590035 0.739015
0.593913 0.745982
0.603517 0.742853
0.631942 0.746553
0.601448 0.763645
0.594575 0.766601
0.595709 0.775202
0.578544 0.778632
0.574357 0.774117
0.574279 0.758143
0.573862 0.751663
0.573786 0.751896
0.553679 0.757891
0.557141 0.762973
0.546705 0.760341
0.554435 0.770458
0.550361 0.772052
0.526839 0.785914
0.506384 0.771867
0.4996 0.80436
0.487418 0.815084
0.490485 0.815208
0.500582 0.809382
0.504482 0.813414
0.509343 0.811341
0.518067 0.795133
0.532349 0.793791
0.533445 0.79381
0.54149 0.803521
0.549185 0.791524
0.551487 0.791116
0.552035 0.787534
0.558013 0.775315
0.563965 0.774834
0.56615 0.788813
0.566809 0.791045
0.571039 0.78958
0.572266 0.804108
0.577205 0.815968
0.560503 0.815077
0.544707 0.823831
0.565771 0.828108
0.594213 0.859755
0.584178 0.8463
0.580121 0.827447
0.593192 0.81809
0.58608 0.814458
0.588099 0.796736
0.588316 0.794233
0.607621 0.805879
0.608402 0.799717
0.613555 0.828362
0.615463 0.827504
0.63247 0.853949
0.600882 0.854857
0.612214 0.863176
0.624665 0.871942
0.665081 0.867793
0.662312 0.878015
0.644059 0.877776
0.635127 0.874554
0.639698 0.881412
0.647291 0.885335
0.642873 0.893051
0.642252 0.903335
0.659761 0.894784
0.670126 0.910891
0.66687 0.9056
0.680797 0.887714
0.693864 0.894902
0.721731 0.896025
0.730192 0.899281
0.709149 0.912532
0.719562 0.912296
0.73887 0.918715
0.736509 0.90814
0.761013 0.843827
0.7529 0.848006
0.745555 0.856093
0.737171 0.83572
0.755246 0.829115
0.749632 0.821897
0.765228 0.81268
0.76809 0.842944
0.780017 0.846157
0.775461 0.828602
0.805881 0.847899
0.803743 0.828466
0.810136 0.806925
0.792555 0.810998
0.78565 0.805277
0.77805 0.789264
0.79436 0.786531
0.784793 0.777751
0.76793 0.771915
0.759314 0.773203
0.760086 0.781607
0.763384 0.78551
0.761584 0.79342
0.754939 0.795304
0.752406 0.803486
0.735296 0.80273
0.744252 0.817746
0.699604 0.843735
0.724544 0.837068
0.737393 0.850427
0.733128 0.860265
0.719279 0.860758
0.731909 0.868417
0.728034 0.883732
0.727177 0.88766
0.722582 0.887025
0.702914 0.893332
0.693999 0.892371
0.687139 0.880866
0.684108 0.87938
0.676069 0.884003
0.668508 0.878477
0.680034 0.868302
0.668622 0.857964
0.664199 0.860233
0.673707 0.844257
0.668072 0.842051
0.666204 0.84988
0.648599 0.854662
0.649212 0.838438
0.650328 0.832865
0.660615 0.816862
0.635435 0.82144
0.629526 0.806039
0.666109 0.780714
0.651362 0.78625
0.627369 0.784882
0.6183 0.786045
0.601555 0.783555
0.601375 0.774722
0.60665 0.767574
0.609374 0.762458
0.613303 0.758227
0.62437 0.757875
0.628238 0.758355
0.642181 0.752239
0.639827 0.74377
0.629329 0.743011
0.621782 0.744836
0.621971 0.72663
0.618354 0.736596
0.606501 0.733872
0.604127 0.734353
0.610134 0.719049
0.598247 0.723445
0.584492 0.715567
0.583891 0.71187
0.57995 0.699884
0.580505 0.6972
0.579325 0.684348
0.575782 0.685742
0.561192 0.679798
0.559242 0.670406
0.54384 0.665464
0.529651 0.665661
0.525033 0.664014
0.520941 0.670245
0.518199 0.671605
0.508227 0.683984
0.502782 0.680374
0.49478 0.679407
0.495149 0.675582
0.520001 0.637543
0.505968 0.638095
0.503153 0.643024
0.49132 0.639914
0.501769 0.646889
0.491471 0.662301
0.475551 0.664185
0.472244 0.667961
0.458562 0.672728
0.449474 0.671138
0.441196 0.675539
0.434501 0.677194
0.432309 0.678707
0.414882 0.676929
0.402657 0.674191
0.397954 0.668696
0.421515 0.663304
0.42023 0.644672
0.408712 0.641883
0.413131 0.651176
0.400523 0.656152
0.392993 0.652966
0.392118 0.650207
0.393227 0.632723
0.39822 0.627435
0.394009 0.618726
0.415089 0.620773
0.406682 0.617621
0.403479 0.605221
0.402224 0.599644
0.427655 0.619624
0.439801 0.61571
0.436972 0.633833
0.439127 0.631041
0.430514 0.648718
0.435762 0.649575
0.443283 0.643817
0.449826 0.640867
0.467168 0.635176
0.462422 0.62832
0.461585 0.619218
0.462898 0.61825
0.48554 0.617115
0.48443 0.635523
0.490118 0.62576
0.49044 0.613307
0.485836 0.614768
0.500569 0.604272
0.517537 0.612547
0.52612 0.605428
0.538544 0.605807
0.548071 0.603853
0.547732 0.623457
0.551943 0.619822
0.542235 0.633341
0.526371 0.629962
0.539673 0.640721
0.544908 0.641273
0.552467 0.632484
0.565434 0.639446
0.56219 0.627006
0.568788 0.623273
0.587635 0.646043
0.585058 0.660129
0.596534 0.674294
0.597222 0.678588
0.601068 0.67313
0.621464 0.668502
0.625409 0.665846
0.616301 0.694615
0.60768 0.707816
0.618142 0.699128
0.625679 0.693916
0.628971 0.685815
0.6498 0.690825
0.6456 0.672489
0.643006 0.667043
0.639284 0.648225
0.636114 0.647296
0.651773 0.64215
0.660765 0.658086
0.662799 0.635625
0.695119 0.62844
0.689467 0.627236
0.712303 0.621467
0.716538 0.622123
0.741948 0.629166
0.7323 0.60711
0.744749 0.604445
0.748937 0.606094
0.747667 0.600956
0.733906 0.592014
0.730002 0.596847
0.718938 0.610021
0.715588 0.614047
0.706751 0.607747
0.70622 0.606172
0.718831 0.577147
0.700091 0.566652
0.700266 0.56796
0.697431 0.559144
0.723922 0.55618
0.717265 0.540119
0.71417 0.53643
0.704187 0.543396
0.701365 0.542805
0.7193 0.517957
0.739687 0.51447
0.753795 0.514174
0.745785 0.511668
0.759705 0.506233
0.771397 0.490318
0.765169 0.48588
0.786467 0.473423
0.766477 0.437607
0.771217 0.418107
0.804565 0.413187
0.814105 0.405765
0.815718 0.396651
0.80918 0.401003
0.796794 0.394558
0.795297 0.394144
0.805682 0.375621
0.814631 0.362139
0.788543 0.361715
0.788671 0.365319
0.779522 0.322962
0.800074 0.32734
0.813569 0.323082
0.817762 0.349555
0.834897 0.364293
0.839878 0.378205
0.879514 0.394083
0.871955 0.389858
0.891 0.37786
0.866551 0.376341
0.861647 0.372408
0.849192 0.364407
0.843469 0.361874
0.836651 0.357767
0.836542 0.357423
0.820842 0.34826
0.817649 0.339147
0.824734 0.33351
0.838206 0.3304
0.828046 0.32793
0.789263 0.298993
0.802491 0.314372
0.802718 0.318268
0.798836 0.323778
0.77781 0.321756
0.767672 0.315382
0.762343 0.317641
0.756536 0.328403
0.760269 0.325439
0.771454 0.336641
0.766123 0.349988
0.751796 0.344547
0.763678 0.355042
0.755452 0.362252
0.753627 0.377945
0.77143 0.369824
0.782918 0.374063
0.78482 0.373936
0.793504 0.371111
0.79658 0.386639
0.781455 0.390826
0.771718 0.392257
0.767229 0.407435
0.755944 0.419818
0.759563 0.433965
0.75529 0.447392
0.762616 0.45054
0.760858 0.467945
0.753696 0.476702
0.738278 0.466651
0.714298 0.457744
0.71295 0.429939
0.721027 0.429167
0.730783 0.430671
0.740071 0.404445
0.749312 0.396648
0.734146 0.396621
0.734156 0.377831
0.732774 0.38332
0.72757 0.394163
0.735944 0.352831
0.734824 0.35291
0.723505 0.358105
0.72385 0.372349
0.723532 0.373697
0.710157 0.394016
0.725847 0.410487
0.704057 0.394438
0.711504 0.411425
0.708692 0.419618
0.703554 0.431123
0.706959 0.434282
0.709994 0.441846
0.688149 0.442603
0.689042 0.442823
0.695309 0.446162
0.688725 0.454515
0.670004 0.430968
0.671002 0.445656
0.664945 0.45154
0.676064 0.483893
0.674328 0.467525
0.685074 0.464473
0.682912 0.49189
0.690905 0.49375
0.710151 0.482097
0.712561 0.483521
0.713627 0.480882
0.72264 0.471795
0.724611 0.468145
0.733823 0.470756
0.74005 0.472848
0.737023 0.481607
0.740862 0.487899
0.752231 0.479394
0.759144 0.485792
0.75951 0.49521
0.755221 0.501232
0.746855 0.50392
0.733004 0.508181
0.709627 0.505187
0.708398 0.5237
0.696033 0.52299
0.688257 0.519005
0.689834 0.529471
0.678496 0.54375
0.688693 0.545989
0.685242 0.564555
0.676665 0.568082
0.642619 0.587036
0.639787 0.559286
0.637215 0.555555
0.640672 0.547567
0.642791 0.532245
0.63011 0.522171
0.626048 0.530195
0.604597 0.519494
0.647859 0.511282
0.656762 0.51303
0.666754 0.526291
0.657478 0.501411
0.648014 0.493308
0.644949 0.490702
0.631302 0.47012
0.638244 0.49301
0.6292 0.501554
0.617214 0.504241
0.602726 0.500027
0.572432 0.51521
0.582667 0.521264
0.56442 0.541601
0.59402 0.537481
0.591133 0.563587
0.600273 0.54477
0.608666 0.543317
0.623475 0.5374
0.634421 0.543287
0.635241 0.549539
0.621498 0.562926
0.627525 0.564606
0.63474 0.570523
0.628141 0.583012
0.624197 0.595212
0.58972 0.580013
0.614445 0.605509
0.623485 0.618088
0.670335 0.601614
0.65775 0.59751
0.656302 0.587831
0.66699 0.583437
0.680448 0.573216
0.696154 0.580735
0.695095 0.589479
0.691999 0.593446
0.689229 0.610677
0.674053 0.623059
0.664788 0.621076
0.655851 0.623391
0.646796 0.626117
0.639489 0.633532
0.638063 0.64119
0.619789 0.637876
0.621138 0.630686
0.61011 0.636246
0.605513 0.641384
0.593426 0.638505
0.596565 0.624011
0.580818 0.619469
0.577179 0.618754
0.590522 0.59373
0.579142 0.60867
0.565716 0.613225
0.588992 0.585614
0.565983 0.592681
0.54818 0.572463
0.545882 0.576917
0.550475 0.579011
0.550157 0.588639
0.539348 0.599133
0.534339 0.601568
0.527218 0.596736
0.530294 0.58448
0.517884 0.592678
0.516592 0.596616
0.511633 0.596757
0.525293 0.573439
0.550879 0.569633
0.554703 0.563753
0.562221 0.546826
0.540699 0.549654
0.494441 0.52891
0.518789 0.547485
0.519067 0.5559
0.510597 0.561506
0.506403 0.576192
0.500455 0.591625
0.49602 0.599657
0.490392 0.606894
0.47703 0.607282
0.471826 0.60096
0.48765 0.584415
0.475887 0.591242
0.475296 0.574958
0.489629 0.57017
0.486373 0.570618
0.490154 0.56677
0.474196 0.56088
0.459962 0.565718
0.450306 0.572909
0.453344 0.578019
0.472175 0.574982
0.472969 0.575451
0.47233 0.589623
0.467026 0.593363
0.462052 0.596892
0.451639 0.605289
0.439034 0.605386
0.432053 0.615605
0.423715 0.603473
0.425956 0.589666
0.428699 0.578587
0.421751 0.585955
0.410354 0.590728
0.416246 0.5666
0.408028 0.576927
0.396862 0.588419
0.394208 0.597722
0.384205 0.585551
0.380965 0.595303
0.36434 0.59925
0.358307 0.588936
0.361104 0.580904
0.356753 0.566537
0.370675 0.553548
0.379832 0.553494
0.379501 0.539981
0.389363 0.537668
0.396821 0.539547
0.397053 0.554718
0.4122 0.54106
0.416955 0.526744
0.423189 0.510612
0.42474 0.50901
0.4357 0.506252
0.432061 0.496009
0.443763 0.520609
0.442929 0.533831
0.441613 0.565205
0.445128 0.550145
0.486314 0.533574
0.481327 0.527395
0.465015 0.534579
0.451031 0.529767
0.45535 0.51544
0.465658 0.512203
0.454332 0.510047
0.455017 0.50131
0.443888 0.490661
0.475653 0.500458
0.494607 0.490787
0.494032 0.488153
0.51149 0.501148
0.50845 0.494116
0.526043 0.502657
0.525699 0.513417
0.528883 0.514588
0.496798 0.525271
0.525837 0.526717
0.538658 0.500992
0.541562 0.495114
0.524779 0.492078
0.520411 0.493567
0.514141 0.477018
0.531529 0.474074
0.561474 0.495737
0.563822 0.486216
0.560893 0.487384
0.553735 0.481536
0.554006 0.464649
0.549688 0.451039
0.589752 0.470343
0.606774 0.476932
0.589423 0.468324
0.59248 0.454423
0.588455 0.465828
0.585277 0.465651
0.573712 0.461697
0.563071 0.44589
0.554451 0.440875
0.533143 0.438996
0.524955 0.422495
0.550926 0.40484
0.568578 0.421626
0.563503 0.415712
0.558577 0.41018
0.570265 0.420542
0.575798 0.408559
0.579385 0.41327
0.598801 0.424307
0.590758 0.450827
0.617414 0.428822
0.627314 0.442586
0.638555 0.441702
0.649951 0.440002
0.664358 0.426016
0.644105 0.433259
0.629313 0.414975
0.641935 0.380592
0.657537 0.389765
0.684856 0.402076
0.682234 0.384651
0.696822 0.379022
0.682942 0.37572
0.672761 0.383458
0.6676 0.383121
0.655868 0.375572
0.632383 0.376852
0.638879 0.383423
0.605425 0.37781
0.612777 0.383858
0.620746 0.380387
0.635756 0.395455
0.611696 0.403777
0.608469 0.405239
0.593016 0.404362
0.589138 0.401627
0.577957 0.406139
0.566763 0.399119
0.563457 0.396595
0.557946 0.403922
0.545733 0.402713
0.579617 0.378023
0.5737 0.370295
0.576624 0.35531
0.553704 0.365204
0.549724 0.365526
0.537846 0.326384
0.552623 0.312669
0.567052 0.334127
0.57162 0.344427
0.568089 0.333776
0.575978 0.330666
0.574293 0.313975
0.577799 0.310027
0.592482 0.31494
0.610803 0.306834
0.589829 0.301633
0.594606 0.290794
0.582436 0.284605
0.587208 0.293174
0.583182 0.296195
0.574368 0.288218
0.568543 0.300472
0.563983 0.303785
0.552598 0.282492
0.564506 0.257547
0.577409 0.263015
0.592275 0.264605
0.614365 0.276303
0.619771 0.295928
0.629498 0.27895
0.636855 0.271693
0.639266 0.298831
0.640626 0.285212
0.659684 0.33298
0.64373 0.340457
0.621453 0.346569
0.632316 0.325803
0.620385 0.333498
0.61476 0.344846
0.603403 0.366925
0.621713 0.350078
0.668993 0.354511
0.684194 0.340807
0.710537 0.331079
0.688376 0.330038
0.673503 0.327083
0.663719 0.308632
0.655385 0.290167
0.649598 0.274842
0.650309 0.260291
0.644713 0.253899
0.639052 0.260504
0.633633 0.261797
0.619139 0.262867
0.615659 0.257069
0.612732 0.263199
0.598015 0.253216
0.60163 0.244941
0.604801 0.236532
0.600632 0.217932
0.578673 0.234897
0.55809 0.20682
0.574048 0.187203
0.569077 0.184318
0.561648 0.186395
0.551525 0.177848
0.542803 0.202869
0.533604 0.19498
0.528824 0.190931
0.526446 0.195292
0.525893 0.189009
0.517967 0.19268
0.509996 0.191386
0.515869 0.199283
0.490277 0.190284
0.487103 0.218807
0.496291 0.216251
0.485462 0.2323
0.49876 0.234481
0.480534 0.242727
0.485323 0.252925
0.499792 0.279003
0.483814 0.294625
0.504303 0.302962
0.513159 0.28784
0.515556 0.28645
0.508669 0.275291
0.501022 0.27672
0.497081 0.268918
0.495514 0.257634
0.52382 0.239241
0.512361 0.234405
0.503385 0.22492
0.509943 0.214198
0.518399 0.200529
0.53565 0.204025
0.539037 0.207918
0.558418 0.226723
0.569307 0.244231
0.556419 0.252906
0.559448 0.258858
0.537021 0.244504
0.537056 0.244878
0.546312 0.254692
0.552752 0.269525
0.537991 0.269008
0.547062 0.279172
0.541009 0.287007
0.535744 0.29202
0.540252 0.292613
0.546119 0.307571
0.515759 0.320334
0.526242 0.32744
0.53156 0.329719
0.532485 0.337873
0.540046 0.350494
0.541011 0.364296
0.546944 0.379987
0.54577 0.385045
0.532823 0.385936
0.538171 0.385602
0.542792 0.400889
0.540676 0.408864
0.536063 0.414882
0.524825 0.419291
0.519571 0.421375
0.515419 0.419364
0.509694 0.416345
0.506691 0.430796
0.516546 0.436218
0.529899 0.450239
0.533893 0.459476
0.521929 0.464652
0.505574 0.468457
0.492727 0.471511
0.487753 0.467567
0.484301 0.471419
0.487191 0.478829
0.479612 0.491423
0.470812 0.490722
0.468446 0.480081
0.462788 0.480664
0.473414 0.45003
0.455148 0.456688
0.453533 0.473326
0.433289 0.478804
0.434875 0.469031
0.423842 0.455261
0.421873 0.442361
0.415601 0.431524
0.403967 0.424011
0.403487 0.414863
0.401183 0.401478
0.396413 0.415141
0.389982 0.411839
0.382505 0.40671
0.368636 0.396524
0.426604 0.401755
0.427917 0.385874
0.440716 0.381313
0.439775 0.377399
0.423076 0.364883
0.42447 0.370369
0.424037 0.378038
0.406689 0.382507
0.398769 0.383264
0.384636 0.387603
0.373387 0.391038
0.361698 0.377507
0.37315 0.359702
0.369774 0.359417
0.364026 0.349683
0.340543 0.357264
0.345652 0.332743
0.337668 0.342127
0.324077 0.344167
0.330546 0.32094
0.348443 0.319227
0.344319 0.313754
0.341357 0.309141
0.334373 0.286114
0.33237 0.283575
0.35012 0.273903
0.353503 0.271561
0.366074 0.292165
0.360587 0.31564
0.369785 0.32915
0.387281 0.315103
0.379585 0.301842
0.405779 0.30781
0.390768 0.333884
0.398793 0.32009
0.401429 0.319207
0.405411 0.32353
0.390252 0.338639
0.410591 0.341077
0.397983 0.363038
0.413387 0.359492
0.416142 0.341488
0.435892 0.329464
0.438652 0.350461
0.473387 0.350501
0.488492 0.362952
0.477969 0.374931
0.466022 0.373779
0.469628 0.383937
0.451727 0.4037
0.439621 0.411025
0.442241 0.410008
0.432144 0.419619
0.436161 0.416688
0.443429 0.425314
0.458143 0.425637
0.462128 0.416174
0.460298 0.40882
0.464882 0.399019
0.482466 0.403453
0.485514 0.390015
0.4862 0.382016
0.507565 0.390403
0.512309 0.381183
0.501135 0.376361
0.500266 0.362044
0.50608 0.360711
0.499624 0.35812
0.514633 0.354928
0.497653 0.337074
0.487167 0.321466
0.481627 0.342669
0.479925 0.339891
0.47663 0.316215
0.466223 0.337111
0.463998 0.338063
0.45905 0.339863
0.452013 0.333759
0.449643 0.30751
0.444696 0.300037
0.441169 0.307586
0.431133 0.3087
0.421622 0.320514
0.412847 0.320822
0.412712 0.319933
0.412821 0.313263
0.410926 0.309395
0.409935 0.296842
0.431574 0.280377
0.465443 0.271586
0.455744 0.246056
0.448267 0.240244
0.459191 0.22776
0.447123 0.212049
0.439075 0.22763
0.426286 0.210761
0.411993 0.214632
0.407132 0.196905
0.393206 0.187477
0.380717 0.17967
0.37657 0.162686
0.376915 0.165275
0.369513 0.159804
0.360315 0.166526
0.363486 0.166238
0.367823 0.182686
0.339121 0.191608
0.317004 0.22066
0.339574 0.195072
0.367272 0.20406
0.369827 0.212976
0.376859 0.215737
0.3746 0.198684
0.386634 0.19582
0.390815 0.198715
0.403177 0.211179
0.407441 0.215923
0.400697 0.221998
0.401745 0.227655
0.399729 0.236252
0.410195 0.22995
0.429193 0.231282
0.431766 0.236569
0.438199 0.253322
0.442439 0.252207
0.448099 0.25607
0.448334 0.272259
0.432965 0.273275
0.424767 0.269965
0.418424 0.27203
0.412664 0.25391
0.415059 0.263333
0.399635 0.249975
0.404647 0.271995
0.395757 0.288461
0.37676 0.278245
0.365552 0.265886
0.354302 0.264244
0.347899 0.249174
0.3656 0.238957
0.355803 0.240318
0.352764 0.221695
0.346051 0.233053
0.334091 0.227009
0.332114 0.234142
0.322629 0.249384
0.324756 0.260359
0.302221 0.257322
0.303989 0.260892
0.318114 0.262942
0.326096 0.278266
0.288136 0.276366
0.290803 0.281258
0.277102 0.277578
0.260379 0.282792
0.275049 0.285037
0.290091 0.294568
0.302496 0.283428
0.311337 0.2904
0.330205 0.289671
0.330686 0.299403
0.329068 0.30281
0.32792 0.314794
0.317736 0.318529
0.310162 0.321729
0.275814 0.328179
0.273799 0.353268
0.282395 0.35585
0.278637 0.345399
0.293407 0.335587
0.310964 0.330356
0.317229 0.349158
0.325588 0.349893
0.324306 0.354869
0.329047 0.357171
0.333741 0.363677
0.344116 0.364013
0.353402 0.368245
0.358166 0.379066
0.352038 0.39196
0.34401 0.396512
0.333296 0.40584
0.329411 0.401244
0.32937 0.407697
0.322318 0.395401
0.333514 0.3816
0.311662 0.384071
0.298149 0.371584
0.301972 0.378589
0.305009 0.38236
0.292278 0.38795
0.287039 0.400445
0.300203 0.393376
0.310528 0.40573
0.311038 0.419381
0.298263 0.425507
0.296049 0.421524
0.285746 0.42476
0.274757 0.43967
0.257818 0.435169
0.243103 0.433117
0.250231 0.417741
0.259913 0.407103
0.246087 0.41273
0.252729 0.387439
0.243159 0.383636
0.268022 0.374905
0.256064 0.369488
0.252394 0.367124
0.248864 0.373052
0.241982 0.344116
0.242952 0.354083
0.239624 0.36119
0.238921 0.338666
0.226101 0.348589
0.22176 0.354208
0.208454 0.355101
0.213088 0.365012
0.225185 0.36502
0.238212 0.372517
0.227653 0.386709
0.231249 0.401865
0.222664 0.412968
0.212168 0.42237
0.196287 0.419167
0.199588 0.401042
0.205801 0.38249
0.202741 0.387969
0.19476 0.395701
0.189543 0.395893
0.183641 0.383721
0.202259 0.323076
0.217162 0.326052
0.221401 0.325166
0.237543 0.33394
0.255992 0.328958
0.239172 0.289094
0.231142 0.305361
0.222171 0.317266
0.203429 0.312418
0.16896 0.305258
0.163357 0.311777
0.176098 0.317309
0.187415 0.311323
0.201708 0.318678
0.19987 0.326116
0.196189 0.326393
0.198425 0.332478
0.193689 0.335771
0.192819 0.335898
0.187863 0.334462
0.181412 0.337152
0.18078 0.355137
0.173941 0.364333
0.166692 0.366775
0.148692 0.361342
0.140559 0.361161
0.140526 0.357337
0.152366 0.347961
0.142872 0.345956
0.141446 0.331421
0.141613 0.323882
0.142166 0.312461
0.133115 0.300582
0.140944 0.294663
0.163062 0.284217
0.150275 0.284628
0.149476 0.268778
0.146895 0.262433
0.146037 0.261272
0.14745 0.252327
0.180629 0.289939
0.17383 0.275302
0.17869 0.261059
0.179792 0.260663
0.196307 0.285395
0.204094 0.26504
0.198282 0.242961
0.192555 0.248389
0.185846 0.24666
0.178238 0.250844
0.172771 0.243949
0.167581 0.241032
0.163513 0.2303
0.152694 0.241806
0.141534 0.233422
0.1391 0.230651
0.150947 0.213295
0.13897 0.21249
0.151293 0.208257
0.162455 0.194905
0.176247 0.182634
0.205727 0.186383
0.190877 0.182442
0.226315 0.19124
0.229318 0.195358
0.183239 0.212546
0.191593 0.227822
0.195634 0.209243
0.2133 0.202769
0.223801 0.223012
0.234084 0.218574
0.233952 0.216364
0.237816 0.224726
0.240575 0.224996
0.258837 0.233727
0.256462 0.246183
0.241058 0.242714
0.232555 0.253099
0.230779 0.256852
0.232122 0.265826
0.250528 0.264582
0.258603 0.254268
0.271061 0.252852
0.279868 0.253262
0.278606 0.25052
0.270352 0.25018
0.262416 0.234751
0.264903 0.223297
0.25216 0.226938
0.268334 0.20363
0.26537 0.206636
0.252831 0.212705
0.243903 0.199649
0.240979 0.197822
0.235316 0.190945
0.23314 0.18142
0.224142 0.17835
0.214381 0.16394
0.202313 0.166501
0.188249 0.175268
0.183818 0.168572
0.180372 0.16528
0.18707 0.159401
0.189989 0.151646
0.178392 0.152252
0.201353 0.141388
0.191693 0.141963
0.184552 0.137116
0.201446 0.13976
0.227367 0.141426
0.236694 0.145506
0.234612 0.141453
0.254331 0.135317
0.264636 0.145809
0.253801 0.177387
0.255215 0.181511
0.262996 0.179586
0.262347 0.170127
0.26737 0.159643
0.28473 0.168479
0.283846 0.187562
0.304639 0.210185
0.309209 0.18101
0.317425 0.168941
0.32219 0.177608
0.332809 0.164237
0.334925 0.155775
0.325939 0.160054
0.335253 0.149069
0.319822 0.146831
0.323223 0.140961
0.303992 0.14782
0.301348 0.150267
0.303833 0.156065
0.29751 0.160111
0.282428 0.162957
0.272594 0.144251
0.263777 0.125513
0.247429 0.127936
0.252221 0.116741
0.247389 0.118463
0.230436 0.124751
0.213536 0.117799
0.204363 0.109879
0.252275 0.110061
0.231887 0.105396
0.229068 0.102004
0.236884 0.092978
0.22529 0.097746
0.217901 0.094835
0.216329 0.093007
0.207616 0.100372
0.201676 0.101264
0.200662 0.098147
0.204875 0.091623
0.176252 0.079004
0.176967 0.08547
0.174234 0.091374
0.167742 0.094295
0.154343 0.103853
0.140443 0.125727
0.163556 0.11021
0.177196 0.122049
0.175388 0.131871
0.177614 0.139104
0.16949 0.150584
0.142193 0.127221
0.142908 0.136368
0.143292 0.142775
0.147416 0.14769
0.164658 0.156962
0.167631 0.165709
0.162135 0.178779
0.159308 0.185442
0.151456 0.190206
0.147754 0.186963
0.146755 0.184382
0.151185 0.168222
0.135476 0.166958
0.14164 0.176349
0.141264 0.185527
0.134825 0.19603
0.134159 0.196262
0.119056 0.201721
0.106177 0.205136
0.090095 0.210301
0.080203 0.217898
0.070042 0.200861
0.073774 0.198416
0.080842 0.17676
0.086608 0.162403
0.07403 0.140001
0.073751 0.140383
0.047925 0.123946
0.056684 0.1415
0.074084 0.146804
0.077898 0.164628
0.06011 0.180954
0.061235 0.1906
0.060238 0.198536
0.059197 0.199204
0.053726 0.199132
0.051067 0.193685
0.046532 0.191145
0.054606 0.181346
0.04178 0.155112
0.049857 0.149142
0.033789 0.154987
0.040908 0.167989
0.034557 0.177548
0.029783 0.184886
0.024746 0.187894
0.007562 0.183985
0.008783 0.174516
0.002556 0.154178
0.015958 0.152322
0.003821 0.14431
0.007769 0.114509
0.014599 0.109046
0.026512 0.111375
0.005906 0.084821
0.001279 0.054028
0.00935 0.033615
0.012454 0.032604
0.018726 0.021672
0.009917 0.01324
0.036486 0.00524
0.044812 0.006315
0.036892 0.024894
0.053437 0.028084
0.043392 0.023432
0.046812 0.013309
0.070163 0.006632
0.073965 0.020695
0.044957 0.04537
0.025259 0.041982
0.034599 0.053861
0.037172 0.053268
0.029145 0.077883
0.033346 0.087952
0.042342 0.103333
0.039325 0.086036
0.053597 0.085046
0.052922 0.072697
0.049758 0.058926
0.050462 0.056414
0.05543 0.053674
0.056821 0.053398
0.065401 0.04266
0.069411 0.0364
0.077529 0.041177
0.077684 0.033567
0.074398 0.011083
0.073366 0.002712
0.085877 0.005829
0.089861 0.006476
0.089991 0.01057
0.085438 0.017665
0.099519 0.034484
0.100374 0.029444
0.090899 0.018127
0.095293 0.006197
0.10127 0.000394
0.107691 0.050643
0.108258 0.036851
0.113779 0.022139
0.131262 0.014179
0.138199 0.0069
0.144723 0.0051
0.146955 0.011996
0.130589 0.033884
0.135006 0.061056
0.109733 0.061908
0.111653 0.072916
0.108878 0.079036
0.087842 0.068574
0.083729 0.072808
0.090744 0.077968
0.084086 0.092388
0.07578 0.112681
0.078476 0.112039
0.082056 0.119918
0.101348 0.124157
0.100792 0.146152
0.119087 0.152869
0.112292 0.145302
0.113566 0.135988
0.106227 0.114518
0.096475 0.120015
0.089694 0.110355
0.087028 0.101244
0.090653 0.091521
0.100191 0.094251
0.109457 0.103863
0.106058 0.088691
0.109886 0.089418
0.11271 0.087391
0.124295 0.078796
0.128711 0.078284
0.129469 0.097483
0.130632 0.094437
0.137995 0.094406
0.134026 0.088142
0.161306 0.063105
0.158067 0.05439
0.140762 0.049776
0.13472 0.037852
0.144529 0.028116
0.149652 0.029699
0.159953 0.017638
0.173509 0.012465
0.188368 0.005903
0.192199 0.006526
0.192245 0.013686
0.192994 0.020366
0.170382 0.040814
0.165903 0.04364
0.184483 0.04077
0.185657 0.034762
0.193862 0.033736
0.207551 0.045688
0.21777 0.068107
0.233609 0.064341
0.228051 0.054231
0.263064 0.068645
0.260803 0.075001
0.266689 0.075504
0.267409 0.067446
0.262122 0.067456
0.25174 0.063722
0.256531 0.048598
0.256085 0.041639
0.248752 0.039299
0.242074 0.045457
0.224843 0.041371
0.207143 0.027275
0.235479 0.018608
0.21881 0.022048
0.208456 0.014523
0.207887 0.000644
0.235722 0.018446
0.252941 0.001871
0.261564 0.017766
0.262855 0.016937
0.284737 0.002358
0.281063 0.033349
0.285598 0.042731
0.275657 0.053424
0.287 0.043171
0.297225 0.055359
0.292012 0.047754
0.290142 0.042804
0.286195 0.035116
0.286278 0.033427
0.286393 0.025733
0.300631 0.024225
0.308768 0.022858
0.308073 0.035636
0.311631 0.029935
0.30122 0.053271
0.310469 0.048637
0.334726 0.047996
0.32668 0.064973
0.332714 0.058108
0.343454 0.069287
0.346627 0.068899
0.353567 0.081209
0.328986 0.093986
0.310515 0.080967
0.304334 0.077438
0.288233 0.081637
0.292804 0.084133
0.300724 0.080027
0.306662 0.088919
0.309864 0.101616
0.283998 0.108686
0.287021 0.108281
0.295511 0.112889
0.303869 0.125804
0.318357 0.11884
0.312394 0.105338
0.319059 0.099486
0.327139 0.100237
0.345804 0.121942
0.355471 0.123691
0.371664 0.108626
0.366768 0.111732
0.345238 0.10254
0.347077 0.089845
0.361187 0.085117
0.381615 0.081846
0.380747 0.06594
0.376154 0.063163
0.373684 0.073193
0.370927 0.078817
0.362147 0.077456
0.349082 0.068875
0.351436 0.06738
0.340762 0.05396
0.356076 0.043323
0.340812 0.049242
0.335425 0.046139
0.325645 0.038549
0.323564 0.032894
0.331986 0.030623
0.328632 0.0163
0.335857 0.016859
0.367775 0.007658
0.368781 0.017887
0.371279 0.007375
0.371084 0.019354
0.356401 0.041358
0.371846 0.029568
0.375486 0.00804
0.387274 0.007834
0.393482 0.013852
0.395909 0.012042
0.390879 0.035981
0.383307 0.04725
0.397111 0.053765
0.41154 0.069132
0.409022 0.084363
0.409432 0.105813
0.410415 0.102632
0.410043 0.10721
0.395679 0.108497
0.387771 0.130084
0.401209 0.119284
0.419974 0.124245
0.42097 0.133372
0.388984 0.142264
0.410007 0.136516
0.426332 0.145895
0.424985 0.160798
0.405518 0.176262
0.419423 0.179185
0.439874 0.187558
0.442883 0.177094
0.446562 0.17607
0.468098 0.179795
0.471832 0.173038
0.451166 0.163286
0.450635 0.16082
0.448401 0.16199
0.442123 0.153486
0.436303 0.152907
0.433446 0.141916
0.42923 0.138975
0.432817 0.133579
0.447214 0.139953
0.461583 0.144765
0.454581 0.13572
0.445902 0.136324
0.445018 0.123152
0.476566 0.139516
0.489131 0.136537
0.485935 0.131151
0.514529 0.124053
0.532674 0.113394
0.531418 0.136795
0.536442 0.147151
0.485813 0.162235
0.499783 0.158706
0.51428 0.157786
0.51768 0.158224
0.53715 0.169385
0.548476 0.151713
0.544779 0.143241
0.560473 0.153923
0.590247 0.156105
0.577872 0.149687
0.58241 0.138586
0.585429 0.13834
0.586929 0.130224
0.593638 0.12568
0.590129 0.123026
0.574862 0.124332
0.557821 0.131043
0.548597 0.117424
0.535549 0.100288
0.508218 0.106358
0.524008 0.076275
0.519519 0.075279
0.508258 0.047074
0.505715 0.053001
0.503691 0.070958
0.500283 0.09084
0.5041 0.10094
0.503354 0.104389
0.493501 0.06515
0.479899 0.064389
0.484056 0.052674
0.476601 0.055284
0.475381 0.06646
0.475639 0.083847
0.480578 0.073252
0.483842 0.073226
0.485176 0.076723
0.493026 0.091861
0.488514 0.106628
0.485672 0.108761
0.485385 0.113544
0.473698 0.119118
0.469448 0.114775
0.455733 0.110414
0.444769 0.10678
0.437173 0.094606
0.440373 0.108108
0.436474 0.123116
0.428044 0.123582
0.420723 0.114985
0.42258 0.099234
0.415031 0.091901
0.455406 0.091085
0.449478 0.07704
0.436844 0.067803
0.425029 0.057968
0.423957 0.050611
0.419254 0.045272
0.411314 0.04929
0.404673 0.038778
0.398987 0.022984
0.404624 0.02321
0.418787 0.020902
0.42493 0.012378
0.434743 0.020053
0.436109 0.022509
0.445008 0.033715
0.446395 0.027878
0.467278 0.027841
0.48614 0.002805
0.502281 0.008127
0.493376 0.025469
0.50139 0.01084
0.505376 0.008913
0.511574 0.007994
0.516603 0.017157
0.519829 0.019645
0.525218 0.012823
0.535668 0.009048
0.532746 0.027821
0.540423 0.023759
0.547964 0.010997
0.551972 0.014617
0.557025 0.00245
0.561354 0.00585
0.566087 0.003214
0.589237 0.006949
0.591206 0.007901
0.558124 0.029162
0.534357 0.03737
0.531154 0.039861
0.531924 0.044682
0.534298 0.042827
0.551319 0.043284
0.55418 0.040468
0.551515 0.057167
0.551512 0.069793
0.558774 0.093517
0.563266 0.097564
0.562874 0.094229
0.566349 0.099891
0.586434 0.102133
0.589395 0.09183
0.600723 0.099472
0.626464 0.101583
0.619485 0.094872
0.606376 0.089512
0.598309 0.092407
0.592618 0.087085
0.604915 0.082708
0.595398 0.084318
0.587076 0.079537
0.578612 0.080665
0.565857 0.083325
0.559084 0.078652
0.556491 0.071231
0.553456 0.067673
0.555781 0.061919
0.57115 0.063833
0.566195 0.051291
0.570875 0.049073
0.567151 0.037872
0.575881 0.030451
0.589038 0.026015
0.594379 0.017943
0.595782 0.015572
0.613431 0.010267
0.59844 0.037575
0.600337 0.038992
0.601113 0.036128
0.612996 0.055605
0.635967 0.080816
0.63111 0.063689
0.626755 0.054043
0.623015 0.048359
0.608498 0.041977
0.609566 0.033138
0.618088 0.028835
0.618367 0.024658
0.629489 0.030989
0.635662 0.016672
0.656549 0.010535
0.662618 0.005551
0.668651 0.014736
0.656576 0.028132
0.664404 0.02307
0.650499 0.035333
0.640791 0.036308
0.648728 0.042721
0.662626 0.041363
0.666069 0.044883
0.671824 0.057046
0.657178 0.056806
0.658557 0.061603
0.665676 0.076243
0.673569 0.069224
0.696338 0.062542
0.69085 0.072214
0.709935 0.065573
0.707163 0.058295
0.719984 0.061855
0.737111 0.087441
0.691461 0.089021
0.70379 0.094382
0.701842 0.099336
0.703614 0.099686
0.704831 0.099428
0.72785 0.104588
0.730697 0.102095
0.729298 0.114741
0.73475 0.126415
0.7353 0.122732
0.739884 0.132815
0.717763 0.135289
0.711633 0.117148
0.710944 0.125439
0.707855 0.136329
0.711006 0.148766
0.698955 0.167909
0.683252 0.144153
0.681571 0.168761
0.67376 0.170334
0.65556 0.156062
0.648401 0.157068
0.657407 0.13528
0.647533 0.139485
0.64535 0.140248
0.674623 0.127989
0.665261 0.119387
0.682277 0.111315
0.669674 0.105395
0.654964 0.108709
0.651887 0.110993
0.642431 0.087729
0.642617 0.09957
0.641065 0.10161
0.635686 0.117616
0.632026 0.125753
0.61515 0.120787
0.628671 0.126909
0.626044 0.134639
0.6371 0.145281
0.635783 0.153277
0.641914 0.1632
0.652016 0.169059
0.65714 0.165321
0.665061 0.175848
0.665344 0.179888
0.658247 0.192469
0.631197 0.189405
0.619109 0.165391
0.612259 0.155018
0.61277 0.161978
0.606469 0.169279
0.599991 0.176248
0.607797 0.175517
0.599297 0.179178
0.611993 0.186747
0.611391 0.187963
0.617109 0.193239
0.62253 0.207077
0.631551 0.192399
0.644998 0.193295
0.664121 0.199162
0.626101 0.211723
0.627229 0.217251
0.632982 0.219119
0.658782 0.217589
0.663746 0.22273
0.678436 0.230387
0.690112 0.228533
0.681739 0.217312
0.704789 0.211974
0.715767 0.223864
0.718291 0.227953
0.702818 0.245737
0.709554 0.246778
0.721194 0.24432
0.735529 0.266662
0.721315 0.281946
0.705852 0.275272
0.717514 0.284972
0.687312 0.270441
0.674007 0.25368
0.684397 0.271684
0.682303 0.290578
0.686364 0.298066
0.687343 0.301099
0.697828 0.300589
0.700711 0.302364
0.708909 0.306449
0.73308 0.300733
0.738951 0.307213
0.742873 0.307924
0.758413 0.292925
0.746609 0.296411
0.74428 0.293614
0.741375 0.284582
0.745557 0.281474
0.788167 0.290905
0.787003 0.288199
0.771346 0.285605
0.764673 0.282121
0.752822 0.273595
0.746173 0.246345
0.761214 0.250499
0.763964 0.243395
0.753322 0.231962
0.747247 0.234202
0.739394 0.224356
0.759613 0.212117
0.771814 0.212271
0.780382 0.230817
0.780818 0.226798
0.788064 0.233461
0.794624 0.243445
0.781816 0.252675
0.778614 0.26518
0.798245 0.268439
0.798221 0.266329
0.800341 0.305857
0.81415 0.292329
0.814056 0.289131
0.816755 0.314855
0.82301 0.298027
0.83101 0.291293
0.832773 0.286314
0.820093 0.280361
0.819387 0.267939
0.814135 0.265305
0.835369 0.265506
0.833248 0.264497
0.850348 0.260577
0.869592 0.256936
0.873491 0.262837
0.863627 0.246759
0.862237 0.251137
0.847265 0.254224
0.829229 0.249145
0.824365 0.244249
0.817151 0.251488
0.799213 0.250098
0.803785 0.239009
0.794882 0.231498
0.785407 0.223513
0.795706 0.218251
0.78838 0.210736
0.791265 0.206029
0.782687 0.199048
0.766428 0.198623
0.765936 0.199001
0.78994 0.17545
0.814786 0.190731
0.816394 0.201273
0.82177 0.206343
0.82699 0.211407
0.852068 0.228334
0.842096 0.220309
0.851319 0.197541
0.85054 0.195519
0.860357 0.209376
0.876602 0.213026
0.866991 0.206329
0.860922 0.199654
0.857582 0.19072
0.861434 0.168056
0.851214 0.172154
0.851129 0.177592
0.847013 0.189593
0.838969 0.194613
0.835069 0.193296
0.818063 0.188042
0.812677 0.188079
0.813629 0.179671
0.797636 0.178614
0.796643 0.165492
0.815316 0.160615
0.801685 0.152547
0.809794 0.115606
0.80096 0.120649
0.798817 0.122498
0.798872 0.128864
0.783449 0.123263
0.782451 0.131943
0.793893 0.145919
0.786652 0.156594
0.777232 0.168503
0.766934 0.180735
0.767085 0.173459
0.771874 0.171357
0.766283 0.17103
0.763921 0.173395
0.753524 0.181407
0.754233 0.198186
0.753798 0.210373
0.738 0.216968
0.731677 0.212316
0.7308 0.181396
0.719997 0.189653
0.718776 0.205469
0.696673 0.209927
0.690294 0.213677
0.682239 0.212502
0.670719 0.21253
0.668367 0.200975
0.674692 0.186235
0.694367 0.183202
0.708243 0.166434
0.708832 0.157542
0.711419 0.155759
0.714635 0.151328
0.725355 0.154374
0.740539 0.160936
0.742805 0.164409
0.748099 0.159226
0.755036 0.146459
0.77509 0.139512
0.770581 0.139962
0.755924 0.134833
0.74792 0.129753
0.748578 0.122251
0.746678 0.108571
0.753118 0.094976
0.741047 0.085829
0.740501 0.080102
0.731683 0.075191
0.732348 0.063908
0.719584 0.046845
0.703725 0.040151
0.702185 0.039626
0.695202 0.050026
0.690368 0.052659
0.682394 0.043034
0.680822 0.038614
0.674695 0.02229
0.676016 0.016276
0.6817 0.008254
0.71343 0.017356
0.734664 0.019837
0.740929 0.040434
0.755117 0.047974
0.755016 0.070156
0.765179 0.065892
0.794967 0.068552
0.811952 0.101786
0.832216 0.110531
0.824925 0.153471
0.829015 0.131739
0.83846 0.094065
0.816576 0.089467
0.805488 0.085026
0.806606 0.062208
0.798706 0.064459
0.795929 0.050873
0.792106 0.058873
0.784861 0.065025
0.771128 0.053818
0.762259 0.042364
0.749779 0.033996
0.75113 0.016738
0.758694 0.008085
0.764828 0.014227
0.767953 0.014256
0.780059 0.035998
0.779929 0.027729
0.813507 0.013064
0.826795 0.005858
0.825203 0.021797
0.782307 0.037457
0.800577 0.033723
0.808373 0.034153
0.815282 0.034723
0.826932 0.029377
0.830794 0.031999
0.834762 0.048669
0.840704 0.053603
0.834277 0.072969
0.847943 0.047531
0.837493 0.047642
0.838588 0.033334
0.840015 0.018079
0.850128 0.023249
0.86526 0.022714
0.889734 0.012113
0.898008 0.013102
0.907098 0.008031
0.912636 0.004296
0.918747 0.01673
0.918857 0.027887
0.926224 0.016928
0.935742 0.026772
0.926737 0.035583
0.921084 0.037481
0.93067 0.040222
0.944129 0.036037
0.957029 0.021198
0.958043 0.023684
0.958672 0.027572
0.972997 0.028361
0.975699 0.031687
0.986946 0.019206
0.986523 0.030041
0.981217 0.041903
0.986382 0.056155
0.992751 0.084394
0.977884 0.097558
0.986169 0.091645
0.996043 0.090208
0.998242 0.104557
0.987319 0.105374
0.990953 0.113017
0.962278 0.101106
0.973735 0.080805
0.965283 0.081742
0.950709 0.077939
0.962673 0.063672
0.956714 0.0704
0.966557 0.056267
0.959014 0.05211
0.951794 0.067183
0.949226 0.068128
0.946373 0.069702
0.9251 0.069493
0.911504 0.049562
0.912959 0.059499
0.913691 0.060804
0.91604 0.067617
0.924243 0.071989
0.910574 0.096248
0.891138 0.051305
0.876752 0.050656
0.873793 0.079201
0.870703 0.090716
0.859103 0.107923
0.868388 0.119482
0.873862 0.107522
0.876185 0.1069
0.8781 0.094647
0.887629 0.093933
0.909557 0.116501
0.916169 0.120788
0.917519 0.108782
0.918252 0.103255
0.920286 0.095722
0.922594 0.086352
0.934739 0.08018
0.937531 0.081508
0.935817 0.092768
0.94499 0.084487
0.951972 0.08809
0.953328 0.097667
0.952744 0.106271
0.961149 0.104949
0.969534 0.106195
0.970245 0.117841
0.976732 0.127073
0.977832 0.128247
0.980176 0.128591
0.995172 0.127638
0.996813 0.144141
0.978987 0.161752
0.975493 0.163328
0.959277 0.171118
0.958462 0.150041
0.941105 0.12501
0.929053 0.123681
0.931344 0.129008
0.921312 0.141458
0.931785 0.140522
0.939024 0.141043
0.939859 0.149046
0.930581 0.164347
0.924311 0.169587
0.911632 0.176485
0.8992 0.149119
0.902777 0.134071
0.876151 0.150846
0.885473 0.151309
0.903146 0.16365
0.905131 0.165185
0.895941 0.180394
0.895904 0.186669
0.902652 0.191101
0.915535 0.195306
0.920815 0.208381
0.925664 0.209662
0.925275 0.22141
0.935258 0.206969
0.941805 0.20319
0.930665 0.190369
0.931592 0.186208
0.948391 0.182764
0.965709 0.184115
0.970389 0.183039
0.975539 0.193376
0.988842 0.200531
0.99417 0.236974
0.986667 0.238788
0.974441 0.227446
0.964231 0.228158
0.947931 0.243326
0.963826 0.241897
0.967148 0.241296
0.980026 0.247656
0.984987 0.251357
0.973113 0.258157
0.968843 0.273155
0.973162 0.275133
0.983294 0.27659
0.986038 0.278084
0.958167 0.283329
0.932465 0.284893
0.939436 0.260633
0.93533 0.270332
0.919344 0.262176
0.913858 0.264564
0.913003 0.245229
0.907331 0.242317
0.907409 0.245635
0.891614 0.237463
0.900736 0.245403
0.902398 0.246659
0.903012 0.249534
0.898825 0.256101
0.908175 0.253118
0.883138 0.276925
0.903823 0.270844
0.910046 0.268321
0.901389 0.274513
0.912149 0.272439
0.927923 0.277531
0.947897 0.310984
0.944929 0.297148
0.94821 0.292672
0.958755 0.288078
0.970332 0.288747
0.975233 0.29032
0.989803 0.333987
0.996567 0.34336
0.98284 0.349347
0.996813 0.353048
0.996513 0.37429
0.997367 0.377558
0.986795 0.407877
0.978364 0.375546
0.962222 0.366398
0.96446 0.344716
0.927389 0.323904
0.915038 0.299023
0.896271 0.30104
0.914483 0.30239
0.913998 0.32249
0.926489 0.326043
0.93546 0.335143
0.933574 0.345108
0.909764 0.333512
0.88667 0.306016
0.869082 0.299344
0.887961 0.312043
0.890583 0.31313
0.900374 0.322818
0.898274 0.345145
0.87161 0.348936
0.893887 0.359029
0.900304 0.35926
0.910965 0.34389
0.917307 0.375958
0.922767 0.359244
0.933346 0.351074
0.938796 0.348009
0.952173 0.352942
0.95229 0.364969
0.95198 0.377489
0.958953 0.390064
0.971837 0.401197
0.975979 0.407697
0.976358 0.412597
0.957803 0.422444
0.955921 0.424947
0.951784 0.427302
0.945265 0.414246
0.934375 0.397059
0.936484 0.404733
0.919178 0.39732
0.921174 0.380205
0.911013 0.398076
0.912241 0.409577
0.899196 0.453145
0.908825 0.447185
0.906363 0.445608
0.913227 0.421846
0.929256 0.411306
0.93844 0.431757
0.947113 0.432691
0.937417 0.433711
0.937372 0.445634
0.953643 0.450185
0.959735 0.447249
0.957311 0.436168
0.968371 0.426749
0.982793 0.428674
0.982755 0.430211
0.998219 0.447049
0.980176 0.449314
0.984607 0.453694
0.98786 0.459255
0.996972 0.462142
0.983701 0.472498
0.995571 0.485485
0.99309 0.497031
0.998124 0.497321
0.991893 0.531063
0.98652 0.542412
0.973669 0.524956
0.960879 0.50005
0.955429 0.494034
0.961568 0.48061
0.939651 0.490361
0.938156 0.466803
0.93591 0.468235
0.909321 0.476324
0.926881 0.485297
0.928281 0.489407
0.920378 0.497579
0.925196 0.492932
0.93702 0.501161
0.947294 0.498036
0.952471 0.50745
0.943768 0.51577
0.954914 0.51221
0.967767 0.523782
0.97177 0.530835
0.946049 0.550855
0.912708 0.54429
0.894614 0.554777
0.877671 0.551404
0.873113 0.522377
0.86846 0.520074
0.88984 0.526718
0.909527 0.512554
0.904366 0.512164
0.89784 0.504297
0.894647 0.49404
0.903034 0.478716
0.900012 0.481134
0.882071 0.476994
0.869088 0.477086
0.876428 0.478783
0.862971 0.479187
0.856534 0.479383
0.861729 0.459082
0.850511 0.456427
0.864408 0.439853
0.879714 0.452203
0.876241 0.446717
0.865528 0.423555
0.868565 0.413627
0.856106 0.410025
0.849833 0.413966
0.85549 0.415785
0.861984 0.421587
0.863307 0.424958
0.845245 0.430527
0.841397 0.441174
0.807583 0.440469
0.813925 0.441669
0.798351 0.443094
0.809238 0.455222
0.81528 0.450806
0.829992 0.441804
0.840634 0.456572
0.850557 0.467527
0.837753 0.470936
0.831556 0.468739
0.837532 0.481523
0.841696 0.47674
0.856111 0.483987
0.862703 0.4874
0.87671 0.482528
0.883198 0.490868
0.877329 0.502136
0.870199 0.506633
0.862687 0.509029
0.860625 0.51413
0.867969 0.520332
0.866476 0.527288
0.847209 0.499059
0.844769 0.514427
0.852441 0.525446
0.835493 0.536149
0.851687 0.539722
0.85798 0.545666
0.870494 0.559564
0.889784 0.576656
0.896251 0.579311
0.904142 0.566221
0.906599 0.566131
0.919272 0.580601
0.92085 0.583962
0.93659 0.596244
0.92683 0.577671
0.927895 0.572712
0.912284 0.564042
0.905274 0.555694
0.91104 0.551144
0.926176 0.551544
0.950595 0.558178
0.949291 0.552351
0.954157 0.55763
0.959922 0.557065
0.95884 0.541561
0.969254 0.540526
0.984896 0.571242
0.972003 0.5766
0.95889 0.576445
0.958619 0.585196
0.961268 0.584347
0.957965 0.600759
0.959735 0.617277
0.967179 0.608148
0.963772 0.59657
0.967451 0.587357
0.974721 0.581402
0.981809 0.578307
0.990268 0.584339
0.996139 0.586245
0.983411 0.610475
0.988334 0.616189
0.97351 0.62564
0.976878 0.624064
0.97334 0.629735
0.975163 0.630495
0.980157 0.625418
0.995148 0.633166
0.995041 0.639843
0.999195 0.645376
0.993117 0.655089
0.979683 0.659525
0.973032 0.664361
0.961164 0.640693
0.949565 0.633662
0.94185 0.617405
0.927777 0.626114
0.929571 0.642316
0.92402 0.670361
0.898167 0.648818
0.899399 0.643728
0.91223 0.640039
0.905714 0.637226
0.910865 0.62693
0.907706 0.614356
0.896135 0.629648
0.892173 0.627822
0.892127 0.601718
0.886637 0.609686
0.884443 0.630041
0.874509 0.637531
0.852793 0.63795
0.839761 0.644032
0.848941 0.612893
0.835815 0.622333
0.830948 0.627616
0.84286 0.596381
0.861138 0.596413
0.847078 0.571978
0.832215 0.542802
0.812995 0.540566
0.80535 0.508
0.803496 0.502495
0.805065 0.490966
0.797491 0.501474
0.792104 0.505395
0.796974 0.503746
0.799247 0.510452
0.791508 0.517283
0.78644 0.534282
0.787555 0.539112
0.788497 0.543853
0.785751 0.551315
0.755241 0.552431
0.752225 0.555527
0.748964 0.554829
0.748425 0.573051
0.766278 0.574044
0.777646 0.587717
0.779275 0.583054
0.782309 0.577635
0.7846 0.568565
0.787097 0.567908
0.799419 0.561027
0.807099 0.552834
0.829391 0.562167
0.820749 0.585613
0.830838 0.590595
0.831626 0.597043
0.82228 0.605083
0.809648 0.588588
0.813172 0.6078
0.785453 0.614538
0.790125 0.614528
0.794059 0.618612
0.805754 0.622401
0.765841 0.630646
0.763619 0.643006
0.769058 0.644546
0.766738 0.661137
0.786992 0.646561
0.790176 0.638473
0.80588 0.632661
0.820677 0.638076
0.822106 0.652209
0.79539 0.669218
0.785716 0.679608
0.794601 0.680653
0.786567 0.69668
0.768542 0.705332
0.758106 0.713369
0.75549 0.718902
0.763148 0.686306
0.754618 0.681849
0.751398 0.680805
0.735898 0.687004
0.74215 0.690837
0.750318 0.700294
0.744331 0.713697
0.714712 0.728401
0.690125 0.711846
0.710197 0.694109
0.716522 0.672437
0.737704 0.660076
0.738217 0.658801
0.735454 0.657199
0.71438 0.657375
0.710526 0.650739
0.683669 0.653892
0.682511 0.654284
0.686784 0.667122
0.691391 0.655295
0.702074 0.657286
0.707218 0.67578
0.708214 0.68712
0.689406 0.693579
0.664252 0.690856
0.67768 0.70756
0.657273 0.730031
0.648975 0.711387
0.64089 0.722211
0.659003 0.742661
0.66556 0.734437
0.668908 0.730502
0.670772 0.720616
0.6814 0.712144
0.686373 0.716011
0.695748 0.723691
0.691694 0.729126
0.689039 0.729118
0.687768 0.731958
0.667041 0.763256
0.683251 0.762683
0.700543 0.755658
0.709436 0.746089
0.710037 0.76581
0.71951 0.77253
0.687071 0.79836
0.688648 0.798589
0.69234 0.801322
0.705013 0.815335
0.705846 0.793388
0.713591 0.783641
0.724136 0.775998
0.724518 0.771345
0.724214 0.757535
0.720829 0.743701
0.720138 0.730001
0.726255 0.727332
0.74371 0.736448
0.757407 0.726583
0.765487 0.735979
0.765239 0.724018
0.78439 0.727533
0.78739 0.710844
0.79848 0.710064
0.783492 0.741188
0.78908 0.743318
0.792226 0.733625
0.803373 0.720329
0.810802 0.718896
0.822145 0.723605
0.818457 0.706067
0.819555 0.700242
0.812381 0.69122
0.804839 0.679207
0.801643 0.670351
0.804199 0.66688
0.811461 0.672175
0.814579 0.670751
0.824877 0.669885
0.82995 0.670281
0.835265 0.657794
0.859726 0.661679
0.86686 0.653558
0.8729 0.643781
0.890541 0.644129
0.896049 0.648026
0.86767 0.675044
0.881577 0.670822
0.881465 0.665509
0.88521 0.662582
0.891626 0.661369
0.898961 0.656398
0.9008 0.655835
0.90885 0.664885
0.906511 0.671182
0.907196 0.671217
0.890805 0.686204
0.899784 0.678027
0.887652 0.715226
0.874333 0.700588
0.841232 0.689904
0.852528 0.695987
0.858559 0.696823
0.859214 0.698778
0.868992 0.716181
0.883604 0.736151
0.867901 0.743226
0.853345 0.771409
0.864809 0.75386
0.878538 0.752118
0.881354 0.761569
0.882828 0.760295
0.902951 0.747721
0.908678 0.75908
0.908207 0.757598
0.915837 0.748107
0.922248 0.729344
0.902216 0.738096
0.897625 0.737875
0.891988 0.728888
0.894172 0.721412
0.89493 0.717302
0.903514 0.714264
0.909257 0.709854
0.912071 0.706525
0.909733 0.696356
0.912449 0.683601
0.935637 0.694966
0.940988 0.69594
0.950725 0.693265
0.949486 0.682647
0.948987 0.683907
0.945994 0.689022
0.948247 0.680553
0.927444 0.679225
0.930638 0.667952
0.937001 0.665112
0.946026 0.650947
0.959303 0.645346
0.964542 0.655766
0.968716 0.666609
0.977233 0.674466
0.983829 0.690314
0.978645 0.700538
0.99533 0.702914
0.971937 0.725191
0.952878 0.737879
0.940148 0.73372
0.935009 0.773168
0.931003 0.777493
0.929938 0.778422
0.933506 0.784166
0.939592 0.762423
0.939603 0.752285
0.950838 0.751205
0.964637 0.763369
0.971018 0.766579
0.984874 0.781861
0.978619 0.790854
0.992771 0.802248
0.967909 0.80827
0.972951 0.80772
0.986045 0.81961
0.983365 0.82144
0.949688 0.836306
0.948709 0.818252
0.947112 0.813415
0.945823 0.789859
0.936205 0.809044
0.929651 0.816399
0.910433 0.807075
0.899571 0.800325
0.883662 0.810312
0.868857 0.827783
0.861748 0.82641
0.858534 0.80871
0.872067 0.786406
0.8302 0.783174
0.829432 0.783402
0.843694 0.722309
0.832756 0.7431
0.822078 0.748856
0.816312 0.760503
0.816092 0.769292
0.798312 0.765221
0.810964 0.771987
0.81995 0.787665
0.825519 0.788767
0.834035 0.787893
0.836861 0.802344
0.840838 0.804855
0.833338 0.820053
0.838345 0.830818
0.847073 0.845549
0.853208 0.846911
0.855077 0.857515
0.874678 0.856732
0.884434 0.855992
0.875831 0.84471
0.87354 0.8261
0.876132 0.821835
0.885416 0.826089
0.888057 0.854583
0.893445 0.836621
0.906404 0.840079
0.921345 0.833985
0.928431 0.833216
0.931934 0.834066
0.941511 0.844955
0.943068 0.86632
0.956277 0.869538
0.966085 0.883553
0.961081 0.86945
0.966837 0.861908
0.951266 0.857715
0.946656 0.846036
0.947108 0.844323
0.956016 0.841827
0.970998 0.834289
0.979859 0.843462
0.996152 0.85824
0.999494 0.867513
0.991541 0.873798
0.975645 0.882325
0.972585 0.890688
0.997925 0.895438
0.994587 0.899141
0.988649 0.920166
0.996718 0.929397
0.99756 0.930737
0.99683 0.946527
0.992373 0.953311
0.976211 0.93711
0.978046 0.94108
0.975438 0.947365
0.968074 0.940963
0.970958 0.922047
0.955129 0.911268
0.942442 0.885932
0.924833 0.884912
0.915717 0.865838
0.906362 0.867833
0.913182 0.87223
0.899515 0.870568
0.896645 0.88524
0.874324 0.882639
0.858701 0.903198
0.873327 0.894178
0.876214 0.892411
0.882133 0.933311
0.883155 0.929968
0.88223 0.913531
0.88714 0.902911
0.904383 0.92093
0.905749 0.902251
0.911203 0.900891
0.918178 0.930417
0.924111 0.898297
0.942094 0.886785
0.948174 0.902604
0.922855 0.93658
0.950676 0.912891
0.954974 0.916698
0.954283 0.918996
0.939194 0.922736
0.95055 0.927658
0.967597 0.926118
0.964877 0.938304
0.948015 0.953061
0.936595 0.94364
0.949786 0.962615
0.957912 0.955781
0.958851 0.956681
0.960252 0.959072
0.969023 0.966177
0.977243 0.983156
0.967053 0.996839
0.956049 0.974101
0.956251 0.988719
0.935441 0.998956
0.925819 0.98769
0.920665 0.996378
0.911493 0.993387
0.913494 0.987032
0.92559 0.939574
0.904316 0.961802
0.904685 0.977285
0.906712 0.990499
0.90599 0.997114
0.889656 0.991143
0.8879 0.991497
0.874959 0.980394
0.878076 0.973951
0.873399 0.963507
0.869582 0.95938
0.861885 0.940724
0.858284 0.93996
0.860731 0.929581
0.852161 0.922263
0.858523 0.912176
0.856539 0.914871
0.849105 0.918403
0.840313 0.917964
0.824108 0.911595
0.820259 0.915737
0.824571 0.922276
0.837648 0.926082
0.846762 0.925753
0.85392 0.932056
0.836745 0.961011
0.841608 0.958016
0.848238 0.949774
0.856107 0.950581
0.856076 0.964949
0.861553 0.980861
0.837092 0.995218
0.830499 0.980617
0.823638 0.990051
0.817415 0.993924
0.781048 0.997086
0.791648 0.980878
0.804275 0.949956
0.805697 0.939417
0.805087 0.937807
0.804844 0.922952
0.802215 0.923889
0.799991 0.920198
0.798285 0.921555
0.797465 0.92617
0.797597 0.933262
0.798568 0.941737
0.790498 0.907087
0.822206 0.878707
0.816549 0.852464
0.817447 0.861198
0.819248 0.879446
0.80721 0.881233
0.788603 0.873694
0.794416 0.888361
0.775847 0.851933
0.774823 0.856876
0.774167 0.872816
0.772369 0.883963
0.747419 0.880094
0.764277 0.888538
0.766551 0.895267
0.784432 0.899948
0.783759 0.904128
0.779124 0.916436
0.771584 0.933633
0.772232 0.935474
0.763682 0.951004
0.781582 0.944264
0.783676 0.941453
0.795791 0.945916
0.802803 0.952956
0.794748 0.965344
0.775587 0.966554
0.772844 0.981119
0.754505 0.99264
0.755037 0.983834
0.74421 0.975425
0.735376 0.987757
0.740147 0.950721
0.730838 0.938815
0.724938 0.948587
0.72679 0.95331
0.733987 0.962547
0.731242 0.970376
0.722265 0.971864
0.70379 0.961052
0.695337 0.968044
0.685832 0.972132
0.677455 0.983095
0.65643 0.995956
0.693247 0.944917
0.706437 0.935234
0.692251 0.943508
0.68525 0.930423
0.680844 0.938853
0.679112 0.949161
0.680797 0.950166
0.675645 0.958996
0.666024 0.960635
0.656154 0.932495
0.660808 0.927955
0.651049 0.930715
0.652953 0.931752
0.653971 0.936174
0.638431 0.936442
0.630728 0.920212
0.630543 0.931022
0.636926 0.938054
0.6454 0.95386
0.659583 0.966117
0.654218 0.980709
0.65033 0.989633
0.614122 0.992616
0.612949 0.993614
0.587705 0.991763
0.570263 0.989942
0.572385 0.969836
0.555629 0.978871
0.55706 0.988035
0.551618 0.989555
0.553682 0.964731
0.545351 0.968561
0.540021 0.981093
0.533949 0.984378
0.530945 0.984703
0.507313 0.988097
0.524689 0.967263
0.524061 0.967545
0.536255 0.953656
0.550043 0.94887
0.567322 0.949528
0.606925 0.963097
0.589478 0.954727
0.581822 0.936863
0.580124 0.925095
0.581359 0.91291
0.580355 0.908392
0.582584 0.906504
0.593148 0.909216
0.614199 0.919494
0.607803 0.892911
0.592713 0.897482
0.58233 0.894309
0.579814 0.89421
0.572018 0.896573
0.575284 0.884663
0.564533 0.861299
0.564231 0.872992
0.555017 0.875902
0.563141 0.861236
0.54855 0.886684
0.558207 0.879986
0.569386 0.88726
0.566849 0.896765
0.562228 0.906278
0.555047 0.907959
0.546761 0.904098
0.540248 0.897973
0.52794 0.891075
0.518084 0.899129
0.534836 0.878278
0.531285 0.872626
0.540224 0.865116
0.535732 0.861855
0.534181 0.849788
0.535228 0.859041
0.530166 0.86265
0.526204 0.846275
0.498153 0.835247
0.506207 0.842369
0.512822 0.843851
0.517639 0.850037
0.518187 0.866814
0.515951 0.879969
0.502256 0.886229
0.501904 0.865865
0.49464 0.85474
0.488119 0.861185
0.468606 0.860323
0.47595 0.866167
0.480852 0.864981
0.494789 0.880161
0.499452 0.88661
0.484802 0.884829
0.471984 0.881755
0.486525 0.904931
0.491483 0.894953
0.505514 0.896297
0.510743 0.907081
0.513538 0.916402
0.517362 0.905342
0.536553 0.916994
0.541197 0.908643
0.548584 0.907969
0.553656 0.911958
0.549815 0.920889
0.549956 0.935107
0.530701 0.937309
0.51731 0.946854
0.514539 0.959272
0.514682 0.959749
0.50562 0.966131
0.511918 0.970722
0.505818 0.979963
0.493905 0.952513
0.480396 0.941598
0.490298 0.926536
0.453588 0.949493
0.468005 0.922898
0.472783 0.921667
0.465728 0.901969
0.462731 0.90138
0.462242 0.913709
0.462153 0.914264
0.453391 0.914016
0.450815 0.922846
0.439352 0.886612
0.439352 0.899386
0.426285 0.872211
0.415708 0.85753
0.440822 0.839081
0.460728 0.861827
0.456336 0.845767
0.472122 0.831009
0.463123 0.820767
0.425146 0.793221
0.440277 0.771916
0.453553 0.790204
0.462981 0.781369
0.48381 0.765619
0.472596 0.765678
0.467871 0.752712
0.47083 0.742255
0.46191 0.752372
0.456219 0.77061
0.434831 0.730338
0.429339 0.743658
0.435245 0.759906
0.434265 0.7673
0.424383 0.779825
0.420886 0.793346
0.418385 0.808041
0.433352 0.814376
0.438947 0.816995
0.442038 0.822012
0.438978 0.828069
0.437292 0.829631
0.436492 0.833302
0.427642 0.84647
0.416609 0.849092
0.410769 0.849658
0.412419 0.835223
0.406 0.844511
0.400624 0.854924
0.401151 0.855248
0.3923 0.869344
0.40135 0.86708
0.409296 0.873469
0.41521 0.874084
0.421148 0.885375
0.407931 0.901044
0.39219 0.905773
0.399972 0.886734
0.385155 0.891958
0.368106 0.876412
0.366424 0.85603
0.354915 0.865181
0.340676 0.840611
0.339891 0.844294
0.338977 0.820221
0.366339 0.834784
0.379359 0.8364
0.376964 0.834537
0.376112 0.828345
0.399345 0.807513
0.393046 0.801374
0.397725 0.794946
0.408456 0.764996
0.395467 0.749404
0.389058 0.746237
0.387957 0.758048
0.386019 0.765848
0.374609 0.767255
0.372215 0.781766
0.384449 0.783867
0.384939 0.805256
0.383782 0.809536
0.378373 0.817326
0.368614 0.812279
0.367569 0.812194
0.355465 0.796791
0.34283 0.801317
0.34267 0.806372
0.332114 0.812698
0.317286 0.798859
0.305906 0.78267
0.314108 0.762849
0.34008 0.772532
0.342548 0.759729
0.335014 0.757694
0.33727 0.744214
0.358721 0.745074
0.329397 0.735387
0.325732 0.744916
0.313962 0.747167
0.258817 0.756044
0.241308 0.739996
0.243921 0.745616
0.241626 0.755519
0.224814 0.792059
0.227732 0.789911
0.231956 0.805786
0.243848 0.817819
0.251452 0.838039
0.26792 0.828987
0.254523 0.794134
0.240592 0.802206
0.23414 0.793898
0.239152 0.779845
0.250012 0.776927
0.265864 0.771576
0.277434 0.763637
0.290239 0.76743
0.296734 0.776014
0.291561 0.780397
0.291242 0.788195
0.290871 0.791869
0.3133 0.797546
0.314175 0.80334
0.314779 0.819687
0.309733 0.820838
0.286997 0.814047
0.291304 0.816978
0.305671 0.8223
0.291638 0.83707
0.311362 0.840014
0.323635 0.843204
0.326429 0.847193
0.311051 0.841079
0.297822 0.866048
0.309245 0.870684
0.324887 0.87353
0.320871 0.868513
0.317038 0.863021
0.325695 0.852725
0.336177 0.848516
0.34306 0.857662
0.3452 0.87623
0.337932 0.885351
0.339985 0.882967
0.347753 0.881368
0.350611 0.909003
0.35215 0.896263
0.361681 0.882874
0.370376 0.88096
0.378163 0.892268
0.383138 0.893507
0.39455 0.912539
0.395465 0.911514
0.402441 0.91649
0.390765 0.937547
0.371094 0.94022
0.386604 0.945578
0.364046 0.943255
0.403131 0.96589
0.407601 0.963365
0.421707 0.942378
0.401354 0.942537
0.39946 0.923843
0.405066 0.918007
0.413078 0.9104
0.425681 0.915743
0.43669 0.928457
0.447778 0.933346
0.442238 0.963788
0.454251 0.957304
0.456011 0.956849
0.470993 0.950323
0.481437 0.953329
0.48831 0.96502
0.490417 0.976327
0.502699 0.984421
0.499807 0.995632
0.495411 0.990438
0.490886 0.999698
0.476945 0.984535
0.465003 0.987585
0.464132 0.988051
0.439641 0.991854
0.42998 0.99044
0.42127 0.995932
0.404307 0.992906
0.38399 0.986735
0.382109 0.977523
0.394615 0.972725
0.379531 0.975478
0.370086 0.984645
0.366667 0.986404
0.333994 0.957947
0.329176 0.960986
0.330226 0.961958
0.305255 0.96531
0.313668 0.972618
0.334754 0.972106
0.346171 0.978292
0.350376 0.986647
0.35526 0.998229
0.346118 0.998387
0.309279 0.997526
0.30418 0.99184
0.288593 0.988194
0.267164 0.988062
0.261119 0.983084
0.256238 0.981037
0.251632 0.999254
0.238398 0.999438
0.238379 0.990743
0.266153 0.962971
0.275536 0.953531
0.302516 0.967596
0.289938 0.953431
0.28293 0.949192
0.316305 0.945628
0.317217 0.93446
0.33574 0.936909
0.341003 0.930064
0.3235 0.920192
0.300841 0.926591
0.285177 0.93315
0.292159 0.904121
0.297408 0.893507
0.293427 0.891336
0.272757 0.874601
0.286454 0.843134
0.284171 0.846429
0.280456 0.854111
0.275868 0.862905
0.27375 0.86392
0.266857 0.866325
0.243186 0.864841
0.241707 0.877004
0.247 0.893184
0.264449 0.884309
0.269466 0.883736
0.276049 0.902708
0.280449 0.907061
0.265259 0.922436
0.263835 0.927225
0.251493 0.938778
0.229004 0.922776
0.242775 0.914103
0.241611 0.911462
0.247047 0.900956
0.23514 0.906024
0.233932 0.906394
0.230934 0.910473
0.225153 0.927124
0.234438 0.928503
0.249348 0.94914
0.261958 0.941596
0.272646 0.946863
0.2695 0.953715
0.263798 0.953688
0.26189 0.963969
0.245882 0.968834
0.238786 0.974348
0.233555 0.97632
0.229261 0.974006
0.221189 0.967835
0.22349 0.973065
0.21829 0.979572
0.211637 0.990725
0.203495 0.973194
0.200801 0.96187
0.217563 0.949819
0.208403 0.954531
0.19672 0.95252
0.191808 0.954921
0.187397 0.939991
0.183736 0.94896
0.167926 0.92083
0.163672 0.933898
0.172489 0.902923
0.161591 0.910164
0.159255 0.886857
0.186671 0.887802
0.189921 0.870704
0.207834 0.881489
0.209798 0.857754
0.206825 0.859473
0.199599 0.850918
0.21605 0.853066
0.196369 0.840376
0.167343 0.824643
0.170854 0.840791
0.177335 0.852423
0.180002 0.870238
0.174987 0.876314
0.164092 0.874126
0.155114 0.85463
0.152353 0.871315
0.145372 0.873398
0.12697 0.890168
0.147969 0.883726
0.154863 0.888617
0.127201 0.892937
0.148669 0.903128
0.152335 0.916603
0.148883 0.928571
0.135689 0.946401
0.157558 0.942229
0.163088 0.946338
0.175766 0.95336
0.181294 0.958057
0.189414 0.963371
0.189455 0.971128
0.194046 0.974249
0.198963 0.985422
0.202389 0.987936
0.198098 0.995039
0.162748 0.984596
0.128654 0.997704
0.117806 0.999607
0.128922 0.986576
0.129114 0.983878
0.135641 0.96034
0.124227 0.974263
0.122488 0.980792
0.11651 0.986401
0.106391 0.985218
0.104849 0.990351
0.103402 0.999783
0.090289 0.987016
0.076092 0.997151
0.083178 0.961392
0.093912 0.96102
0.109875 0.967309
0.111756 0.943869
0.123102 0.906987
0.108755 0.908099
0.102952 0.912488
0.10376 0.914134
0.104162 0.918829
0.098696 0.935429
0.103103 0.942214
0.093857 0.950199
0.083405 0.96052
0.07851 0.952674
0.064567 0.955307
0.049111 0.958927
0.050609 0.97463
0.056889 0.984941
0.053957 0.991803
0.028347 0.994629
0.027463 0.991813
0.009004 0.99
0.010655 0.9373
0.002086 0.932657
0.006895 0.927116
0.013954 0.926653
0.028139 0.938944
0.034828 0.946702
0.038191 0.944476
0.041326 0.941608
0.038169 0.936059
0.028038 0.927451
0.048088 0.914528
0.036038 0.910494
0.052362 0.911104
0.073763 0.930114
0.068741 0.923699
0.053289 0.910514
0.02013 0.898553
0.018839 0.893165
0.008045 0.876393
0.015195 0.880022
0.015465 0.878228
0.016826 0.871411
0.010558 0.870201
0.008825 0.863633
0.017407 0.857024
0.016866 0.825039
0.031707 0.815086
0.039228 0.804599
0.06761 0.820972
0.036961 0.836423
0.042308 0.837187
0.046905 0.837877
0.04723 0.840891
0.048675 0.861289
0.055921 0.860043
0.06076 0.848651
0.071429 0.842903
0.076674 0.831104
0.105348 0.837372
0.118991 0.838744
0.100616 0.854607
0.077032 0.858843
0.075412 0.868368
0.081377 0.87694
0.052739 0.881542
0.038444 0.878154
0.0514 0.88595
0.055097 0.887396
0.060931 0.881822
0.077916 0.893027
0.087364 0.882724
0.097738 0.873611
0.113091 0.866124
0.127799 0.859832
0.12909 0.84588
0.12887 0.836079
0.144914 0.839987
0.147522 0.831922
0.145785 0.823807
0.135632 0.825622
0.126322 0.827327
0.164754 0.802456
0.165194 0.773636
0.15859 0.779622
0.150775 0.783365
0.160309 0.754236
0.152978 0.755756
0.140759 0.741511
0.141353 0.745462
0.145949 0.749716
0.143069 0.763364
0.138533 0.779151
0.130685 0.778022
0.136665 0.784863
0.126845 0.794534
0.12144 0.795833
0.104235 0.796211
0.092884 0.808846
0.107903 0.808562
0.109141 0.802031
0.120787 0.801509
0.120996 0.802884
0.121886 0.818137
0.116415 0.8282
0.108054 0.82958
0.09551 0.827113
0.079009 0.825943
0.078693 0.825584
0.07545 0.813584
0.067813 0.811158
0.071301 0.798013
0.063517 0.793362
0.060713 0.784405
0.073183 0.781078
0.089417 0.80702
0.084573 0.796105
0.086827 0.786677
0.081098 0.775827
0.064847 0.763277
0.063949 0.771887
0.054603 0.774475
0.035123 0.774132
0.026975 0.77796
0.027749 0.794191
0.024523 0.800153
0.027307 0.806137
0.022226 0.809066
0.017402 0.819683
0.006294 0.821222
0.003839 0.816419
0.004044 0.791142
0.006062 0.784077
0.001328 0.772746
0.012639 0.764213
0.010486 0.740465
0.012244 0.732045
0.024348 0.72835
0.033561 0.732
0.036778 0.743284
0.043479 0.744976
0.046691 0.726425
0.044571 0.722414
0.07844 0.714403
0.086072 0.702232
0.071593 0.709848
0.068435 0.715422
0.063922 0.715772
0.057506 0.707763
0.051611 0.70838
0.038555 0.700866
0.033055 0.694805
0.036119 0.70315
0.03533 0.704909
0.026867 0.704938
0.021935 0.711001
0.003029 0.699202
0.020426 0.687377
0.006026 0.670395
0.00921 0.668342
0.016977 0.65943
0.022475 0.655494
0.022899 0.654754
0.03125 0.672336
0.040153 0.681384
0.050844 0.687555
0.069577 0.690519
0.071983 0.690205
0.078991 0.686166
0.079259 0.679405
0.077157 0.66681
0.104406 0.697335
0.104269 0.718238
0.059744 0.742059
0.074131 0.738474
0.079681 0.743157
0.084827 0.741851
0.10605 0.758902
0.117337 0.776072
0.117807 0.767189
0.116495 0.745922
0.103547 0.748621
0.094166 0.747157
0.093093 0.733963
0.104038 0.728681
0.109766 0.721205
0.111424 0.714896
0.12837 0.717074
0.114792 0.712952
0.112547 0.706469
0.107178 0.685446
0.101702 0.682307
0.095222 0.677937
0.101189 0.665363
0.121556 0.65182
0.130587 0.669099
0.134046 0.659626
0.133639 0.645631
0.124191 0.643712
0.111414 0.645417
0.105438 0.653839
0.094009 0.661622
0.088132 0.657032
0.092858 0.648234
0.141828 0.626831
0.153666 0.658304
0.162388 0.672743
0.136836 0.675697
0.131963 0.690774
0.137376 0.717012
0.137859 0.697634
0.139672 0.691509
0.147859 0.678551
0.152513 0.682619
0.16109 0.687793
0.178566 0.695974
0.201337 0.723464
0.186865 0.719993
0.190704 0.728055
0.180337 0.722356
0.175842 0.723971
0.161698 0.709432
0.16925 0.720977
0.175304 0.724369
0.164125 0.728679
0.169888 0.732375
0.182891 0.74811
0.193579 0.766261
0.193106 0.800212
0.1949 0.802134
0.219382 0.831392
0.208025 0.817267
0.20578 0.801656
0.198453 0.801037
0.196183 0.795228
0.199211 0.790249
0.203561 0.784825
0.2118 0.769949
0.214704 0.760102
0.208568 0.756357
0.207634 0.751429
0.196244 0.742339
0.198432 0.732163
0.204633 0.727991
0.206683 0.725515
0.226718 0.72192
0.238394 0.712431
0.231129 0.713543
0.22604 0.716621
0.231735 0.706254
0.233398 0.700884
0.249629 0.695624
0.274946 0.698962
0.278792 0.687559
0.273215 0.691176
0.259862 0.683232
0.239927 0.686922
0.276073 0.666668
0.278006 0.647486
0.262801 0.654261
0.262129 0.654129
0.247703 0.663786
0.244262 0.669632
0.240308 0.66757
0.224536 0.668656
0.217384 0.667761
0.209096 0.671384
0.208376 0.673305
0.208937 0.674326
0.21699 0.676637
0.226689 0.684347
0.231393 0.691044
0.226799 0.699923
0.222212 0.698476
0.217118 0.7035
0.200527 0.698136
0.189354 0.690272
0.174059 0.686175
0.199095 0.650327
0.194053 0.655369
0.185674 0.666089
0.178065 0.673967
0.168819 0.668116
0.161435 0.653402
0.181514 0.63913
0.169892 0.637283
0.165925 0.633909
0.162955 0.626659
0.184159 0.596965
0.217034 0.609279
0.216167 0.62346
0.22833 0.634039
0.195978 0.623669
0.206176 0.639293
0.220101 0.646045
0.232193 0.646807
0.238526 0.63521
0.271985 0.63149
0.266994 0.615002
0.250977 0.614986
0.245141 0.609437
0.239211 0.588571
0.236013 0.607166
0.241227 0.619016
0.23164 0.622065
0.221732 0.610612
0.218347 0.604186
0.212977 0.596964
0.200942 0.600532
0.196739 0.597827
0.18752 0.580237
0.177859 0.5883
0.168685 0.597535
0.158835 0.608451
0.139964 0.606642
0.127072 0.605984
0.125171 0.585914
0.113493 0.595212
0.121554 0.609597
0.119568 0.610743
0.109555 0.61483
0.095796 0.610218
0.088719 0.615092
0.090948 0.626385
0.078719 0.641578
0.062596 0.626929
0.041084 0.629441
0.056244 0.634962
0.062743 0.639709
0.072721 0.649704
0.065171 0.658738
0.06701 0.676346
0.053769 0.67616
0.041083 0.668086
0.047196 0.650031
0.040222 0.652793
0.029938 0.657527
0.020907 0.644592
0.021848 0.636531
0.003916 0.637168
0.001954 0.633652
0.00984 0.621763
0.019401 0.62742
0.015993 0.62465
0.012114 0.61826
0.009189 0.607138
0.021371 0.595083
0.01025 0.584943
0.021321 0.577111
0.053762 0.605871
0.061505 0.591285
0.043554 0.588053
0.035551 0.58264
0.027252 0.574199
0.045367 0.562433
0.043549 0.562106
0.059231 0.561212
0.065006 0.557385
0.09883 0.572871
0.067305 0.58557
0.084845 0.592211
0.103348 0.585729
0.106876 0.568401
0.096369 0.550631
0.094551 0.548694
0.080009 0.542141
0.089797 0.550744
0.092661 0.562175
0.089684 0.56704
0.080382 0.562292
0.063864 0.553969
0.062485 0.540078
0.053439 0.552457
0.026366 0.540397
0.002601 0.531903
0.006745 0.527314
0.016145 0.514672
0.039692 0.52615
0.033909 0.520917
0.033806 0.51871
0.05467 0.525734
0.050477 0.501755
0.063273 0.499316
0.066545 0.508099
0.069143 0.508315
0.079659 0.49398
0.091363 0.50011
0.096309 0.506689
0.111817 0.502489
0.127642 0.530916
0.120364 0.545293
0.121527 0.547699
0.157114 0.571902
0.16275 0.567999
0.181927 0.555115
0.184596 0.552303
0.195908 0.558187
0.176165 0.533565
0.173823 0.545568
0.160032 0.560056
0.147408 0.555315
0.143895 0.54459
0.137863 0.535508
0.13468 0.530822
0.142319 0.521406
0.145936 0.523223
0.139392 0.513736
0.135854 0.513399
0.133426 0.508299
0.133481 0.502973
0.153038 0.52024
0.167123 0.507148
0.173049 0.50065
0.156953 0.490023
0.151223 0.501172
0.139411 0.498881
0.136371 0.494265
0.139414 0.476091
0.123721 0.490491
0.110934 0.459733
0.116895 0.456665
0.1074 0.448813
0.1002 0.464027
0.10377 0.464942
0.109004 0.465053
0.11147 0.486973
0.102276 0.490439
0.096836 0.494358
0.085499 0.491592
0.074999 0.476069
0.066891 0.481855
0.065037 0.484409
0.071327 0.457313
0.084299 0.443409
0.073374 0.452493
0.051708 0.454106
0.033199 0.45005
0.050252 0.45667
0.05456 0.459042
0.060261 0.47631
0.065646 0.490626
0.062095 0.493509
0.047479 0.503705
0.046421 0.505151
0.03632 0.50693
0.028012 0.506417
0.022519 0.505243
0.024008 0.475043
0.008014 0.484571
0.003771 0.478418
0.004441 0.470822
0.002658 0.430406
0.019125 0.42741
0.015432 0.408332
0.004442 0.404495
0.018603 0.394159
0.009768 0.360188
0.008011 0.361856
0.001163 0.356981
0.000499 0.355744
