1800
0.004006 0.080194
0.013514 0.078702
0.054876 0.132585
0.061824 0.12293
0.082741 0.15667
0.099222 0.134967
0.092594 0.133308
0.086726 0.117389
0.07714 0.104889
0.081097 0.078327
0.0612 0.093098
0.049925 0.089713
0.041106 0.083518
0.00313 0.058113
0.009333 0.051403
0.037963 0.043899
0.048721 0.003774
0.063354 0.008688
0.064037 0.060881
0.07555 0.044562
0.075698 0.030593
0.078385 0.024059
0.102333 0.015502
0.099499 0.02647
0.102178 0.042955
0.087515 0.049828
0.108477 0.045143
0.105963 0.035726
0.107084 0.025896
0.118162 0.01483
0.159442 0.004532
0.153344 0.056358
0.163577 0.031324
0.18306 0.009708
0.200053 0.028575
0.212099 0.000417
0.243576 0.010723
0.251211 0.004
0.260212 0.01514
0.268224 0.030513
0.274656 0.040996
0.31523 0.041633
0.311375 0.040359
0.313597 0.029951
0.327282 0.03185
0.336489 0.045256
0.321302 0.064613
0.305013 0.064707
0.279607 0.067703
0.258479 0.070928
0.265618 0.080447
0.286127 0.084823
0.281426 0.104082
0.2862 0.137154
0.266409 0.148707
0.296691 0.150588
0.303161 0.13165
0.302121 0.115085
0.306549 0.175385
0.269235 0.175696
0.250218 0.172949
0.264541 0.178499
0.264856 0.193235
0.274253 0.201798
0.279631 0.200048
0.305056 0.20481
0.32481 0.221465
0.328213 0.223529
0.343279 0.24015
0.369808 0.249127
0.383845 0.263687
0.402802 0.311407
0.403268 0.290997
0.392967 0.263363
0.384228 0.248327
0.384436 0.234738
0.381931 0.225152
0.373821 0.235828
0.40489 0.192047
0.388214 0.186727
0.371269 0.186273
0.376588 0.201465
0.37476 0.212409
0.360901 0.231068
0.337336 0.224516
0.337695 0.208639
0.330022 0.203937
0.32642 0.193879
0.327329 0.187202
0.32486 0.179808
0.32743 0.154071
0.327076 0.139944
0.335043 0.137389
0.335232 0.132233
0.34555 0.120664
0.361819 0.145913
0.362604 0.13753
0.3836 0.159748
0.387503 0.148115
0.381301 0.12303
0.370956 0.097643
0.367528 0.097708
0.354167 0.10424
0.345208 0.103356
0.322196 0.104056
0.301015 0.096866
0.302415 0.093924
0.305699 0.088018
0.326371 0.078516
0.351124 0.069315
0.346881 0.056252
0.345507 0.046288
0.344264 0.044899
0.339035 0.038745
0.341968 0.01071
0.345752 0.004175
0.350908 0.020087
0.365077 0.040286
0.369271 0.044697
0.389736 0.068752
0.407626 0.055702
0.387223 0.054195
0.38541 0.024143
0.389026 0.019506
0.393955 0.010161
0.407853 0.01707
0.41537 0.010061
0.430826 0.05327
0.4405 0.045803
0.4556 0.040462
0.452071 0.068985
0.442672 0.094524
0.417234 0.10158
0.409462 0.119159
0.412594 0.119714
0.432522 0.106867
0.424619 0.156736
0.437397 0.130112
0.455155 0.130257
0.458032 0.111035
0.46063 0.10299
0.46121 0.101522
0.464978 0.102591
0.484069 0.130123
0.489365 0.120722
0.482488 0.155176
0.498688 0.141033
0.442939 0.192412
0.456615 0.193979
0.428975 0.222441
0.433018 0.188887
0.432969 0.170797
0.429974 0.180715
0.426234 0.187922
0.413813 0.191995
0.407655 0.20003
0.413873 0.209646
0.427263 0.235929
0.431887 0.227979
0.465283 0.217495
0.478046 0.216885
0.498589 0.210433
0.507805 0.200493
0.488455 0.248801
0.468501 0.244449
0.499931 0.259236
0.500724 0.250054
0.508905 0.239877
0.509917 0.23813
0.529882 0.228768
0.549441 0.238597
0.550079 0.258494
0.533712 0.279425
0.50762 0.307459
0.480102 0.311896
0.47144 0.303436
0.48183 0.325703
0.488663 0.323405
0.49053 0.318567
0.505711 0.314136
0.527225 0.325263
0.535685 0.31457
0.540578 0.306715
0.564525 0.276782
0.578274 0.276887
0.588919 0.291541
0.598026 0.257807
0.608586 0.268698
0.634656 0.274013
0.647181 0.308495
0.660173 0.289136
0.679177 0.304301
0.656388 0.326359
0.599019 0.302049
0.589424 0.33468
0.604228 0.333089
0.621756 0.336217
0.62985 0.33751
0.635688 0.340134
0.645457 0.343798
0.646032 0.344348
0.629221 0.36946
0.633987 0.377137
0.606836 0.367041
0.581153 0.388342
0.596068 0.394008
0.597238 0.393677
0.605773 0.406544
0.566737 0.406007
0.477791 0.381636
0.470838 0.381375
0.447067 0.272277
0.44452 0.283974
0.45428 0.305479
0.44817 0.314053
0.439368 0.338372
0.452826 0.370352
0.457181 0.380935
0.467668 0.388677
0.416356 0.401099
0.431028 0.403079
0.434457 0.400678
0.446166 0.414358
0.489996 0.449916
0.419787 0.452118
0.449909 0.465643
0.474318 0.459256
0.49991 0.454989
0.494196 0.435008
0.487877 0.433256
0.483913 0.411916
0.483959 0.405447
0.490943 0.390647
0.513872 0.400494
0.530295 0.421533
0.549347 0.416953
0.562803 0.410298
0.582242 0.420577
0.580077 0.437733
0.591781 0.434776
0.555146 0.464245
0.540085 0.476544
0.544393 0.476137
0.560039 0.499992
0.562637 0.479565
0.58505 0.455509
0.590941 0.452898
0.594354 0.449088
0.624154 0.435609
0.626115 0.41287
0.636289 0.393423
0.638112 0.387169
0.639465 0.377672
0.648143 0.372973
0.656233 0.371801
0.661108 0.356929
0.657524 0.343362
0.679435 0.332672
0.688407 0.360499
0.690865 0.39044
0.668371 0.422166
0.67193 0.454588
0.676365 0.45339
0.676544 0.449645
0.685795 0.418992
0.687982 0.411108
0.71152 0.408654
0.715978 0.399297
0.701508 0.43974
0.725652 0.436636
0.723284 0.499309
0.731918 0.51293
0.75786 0.512107
0.803161 0.506979
0.803018 0.548258
0.767128 0.549812
0.76073 0.560325
0.745068 0.571514
0.746719 0.595732
0.765416 0.575541
0.765551 0.575837
0.780406 0.57308
0.78593 0.623246
0.790738 0.615972
0.787443 0.624637
0.775329 0.63771
0.772729 0.651798
0.780682 0.651325
0.80198 0.660815
0.802863 0.690226
0.806581 0.688156
0.808302 0.674617
0.82864 0.661898
0.889406 0.705401
0.886692 0.669449
0.861025 0.659232
0.844248 0.649958
0.83646 0.645987
0.831298 0.636684
0.861034 0.607513
0.875453 0.649159
0.879279 0.639823
0.934893 0.713417
0.936072 0.703054
0.922076 0.692057
0.905113 0.66192
0.899306 0.62694
0.869131 0.617685
0.872214 0.610507
0.880201 0.608216
0.870365 0.603674
0.891972 0.590672
0.844472 0.586096
0.841497 0.588692
0.853379 0.607437
0.851033 0.611383
0.826869 0.615349
0.812597 0.605132
0.800744 0.595981
0.804996 0.57482
0.812662 0.553296
0.815423 0.531574
0.816181 0.530136
0.837456 0.552276
0.861836 0.553046
0.840168 0.543024
0.827915 0.523216
0.815127 0.514919
0.808851 0.508806
0.81049 0.488587
0.806659 0.485952
0.79409 0.48422
0.794385 0.465323
0.790699 0.479172
0.774555 0.483231
0.771743 0.478145
0.759209 0.488058
0.755447 0.488318
0.756087 0.496333
0.750634 0.509725
0.730276 0.500949
0.729624 0.474478
0.727885 0.453986
0.77829 0.442866
0.755844 0.443752
0.74809 0.424546
0.737834 0.405304
0.721859 0.385063
0.710168 0.385816
0.69709 0.360557
0.69809 0.356176
0.694468 0.34933
0.701691 0.31601
0.683985 0.29569
0.661098 0.288269
0.66684 0.270306
0.645605 0.278125
0.644149 0.24901
0.646109 0.243328
0.648404 0.232929
0.670184 0.243091
0.710251 0.223178
0.700982 0.217172
0.681011 0.210646
0.664124 0.196064
0.652362 0.210028
0.630776 0.202897
0.630248 0.205105
0.632611 0.225162
0.616949 0.236982
0.614371 0.246318
0.611854 0.253608
0.612781 0.187325
0.639387 0.173116
0.631822 0.175805
0.637444 0.145538
0.650221 0.124881
0.664714 0.140464
0.664915 0.16135
0.690175 0.163939
0.707276 0.190892
0.701636 0.179409
0.702447 0.16846
0.742555 0.175051
0.772721 0.193017
0.738678 0.217426
0.745837 0.263363
0.729007 0.272379
0.709155 0.256892
0.719343 0.281897
0.744081 0.316182
0.766956 0.325817
0.73898 0.355016
0.760392 0.35144
0.796337 0.366862
0.815218 0.364109
0.823196 0.397447
0.794532 0.416608
0.790745 0.428809
0.792562 0.433779
0.799528 0.436364
0.796805 0.424576
0.839451 0.458653
0.872804 0.487622
0.866628 0.466852
0.852009 0.459116
0.869436 0.461662
0.843851 0.42996
0.826533 0.444643
0.825349 0.44506
0.808166 0.421161
0.824709 0.401114
0.883192 0.395235
0.897308 0.433524
0.898123 0.44392
0.910938 0.437675
0.920697 0.447559
0.920689 0.444715
0.941534 0.459474
0.948657 0.406758
0.926437 0.399731
0.917139 0.376216
0.912777 0.343726
0.879937 0.340837
0.889009 0.374853
0.856937 0.386678
0.853139 0.360009
0.848363 0.356679
0.822071 0.360953
0.814523 0.360574
0.802082 0.341762
0.816273 0.319461
0.783759 0.318474
0.76628 0.323701
0.75764 0.319362
0.753357 0.312589
0.775758 0.284289
0.775265 0.280899
0.778092 0.268227
0.760235 0.256418
0.748511 0.238607
0.748062 0.231191
0.768208 0.220382
0.779859 0.240165
0.785932 0.231845
0.803829 0.257178
0.804577 0.252945
0.808744 0.245276
0.793545 0.22629
0.784922 0.207468
0.801598 0.193457
0.779612 0.194928
0.781912 0.179711
0.780246 0.179495
0.782206 0.164959
0.779316 0.167994
0.770647 0.166628
0.750393 0.161426
0.733118 0.156447
0.748187 0.139118
0.748075 0.110227
0.736664 0.131907
0.721064 0.14545
0.69873 0.155608
0.690668 0.143018
0.690356 0.117272
0.683982 0.133272
0.667766 0.128712
0.667994 0.125079
0.690431 0.076207
0.696104 0.043183
0.648157 0.046088
0.641293 0.055598
0.649521 0.067799
0.674778 0.061797
0.685931 0.069889
0.672505 0.092047
0.673829 0.097224
0.655529 0.111737
0.640859 0.101496
0.645217 0.110551
0.635168 0.122108
0.598917 0.070475
0.606977 0.086191
0.61227 0.099716
0.617582 0.125016
0.615796 0.128402
0.62372 0.135548
0.624417 0.156205
0.612821 0.174822
0.597273 0.173688
0.573103 0.181903
0.580005 0.182828
0.582401 0.181211
0.597249 0.186464
0.607991 0.20013
0.598747 0.213768
0.586598 0.232239
0.588773 0.254314
0.587263 0.262683
0.568476 0.265929
0.568346 0.254574
0.55605 0.240788
0.55612 0.239127
0.557124 0.217297
0.542517 0.224841
0.529084 0.206835
0.531329 0.189034
0.541858 0.178701
0.558605 0.155672
0.534348 0.15596
0.528084 0.142118
0.523039 0.107663
0.579957 0.098367
0.56309 0.081008
0.564235 0.095976
0.55453 0.096979
0.544458 0.098211
0.530751 0.053008
0.520118 0.057922
0.514483 0.06538
0.516659 0.088219
0.503811 0.09528
0.49606 0.089195
0.479843 0.071328
0.464998 0.052227
0.471366 0.037764
0.484965 0.028631
0.486881 0.023214
0.491845 0.001492
0.526041 0.015753
0.513484 0.030128
0.527014 0.022123
0.527997 0.020419
0.536864 0.023709
0.559222 0.044243
0.563897 0.032305
0.586523 0.028283
0.621052 0.032043
0.624012 0.04682
0.622329 0.001904
0.697017 0.011378
0.705009 0.010219
0.751208 0.029292
0.76608 0.025358
0.787067 0.002509
0.801188 0.000718
0.848179 0.012271
0.842537 0.036273
0.792577 0.042397
0.809075 0.04276
0.821403 0.050941
0.827814 0.05115
0.845829 0.075602
0.811264 0.094781
0.798772 0.100798
0.797388 0.065683
0.790778 0.081591
0.782387 0.089972
0.774451 0.064249
0.763073 0.072536
0.72258 0.062642
0.728197 0.085593
0.7372 0.074451
0.760626 0.087902
0.774789 0.095048
0.772109 0.122732
0.790856 0.125332
0.792467 0.120921
0.798754 0.114637
0.809416 0.107429
0.822447 0.106403
0.828082 0.097463
0.835035 0.089915
0.846875 0.112005
0.850028 0.097805
0.856348 0.121969
0.857174 0.123823
0.820754 0.140026
0.827676 0.144407
0.8092 0.169801
0.814725 0.164897
0.810123 0.182861
0.845174 0.186762
0.835675 0.204047
0.865158 0.205131
0.864905 0.184611
0.862287 0.165646
0.87022 0.149627
0.870538 0.144664
0.864611 0.12548
0.873779 0.099231
0.893717 0.098483
0.900754 0.105423
0.91023 0.098426
0.888087 0.073557
0.885556 0.078329
0.861953 0.075279
0.846908 0.060823
0.853152 0.042198
0.859906 0.020827
0.870627 0.021353
0.867855 0.016011
0.881568 0.000621
0.900044 0.012326
0.90027 0.029071
0.916309 0.0208
0.925017 0.016138
0.955666 0.023606
0.951014 0.018965
0.970505 0.024239
0.961 0.020395
0.954478 0.001914
0.997877 1.9e-05
0.97676 0.018743
0.974102 0.024251
0.971482 0.048522
0.963383 0.056397
0.983773 0.08222
0.980516 0.090305
0.957629 0.078885
0.950291 0.078989
0.927135 0.046982
0.90264 0.042611
0.902348 0.045292
0.924538 0.04897
0.926258 0.072065
0.93063 0.079985
0.943481 0.09646
0.912029 0.095754
0.92093 0.130271
0.930676 0.1065
0.943158 0.107663
0.95557 0.101537
0.968904 0.10058
0.933446 0.149433
0.958862 0.136709
0.969502 0.1361
0.990699 0.135933
0.981875 0.158416
0.918935 0.171005
0.94425 0.192295
0.954228 0.203282
0.962402 0.194311
0.979119 0.196115
0.988787 0.198539
0.989285 0.269189
0.964413 0.248925
0.944411 0.242981
0.938858 0.238491
0.933691 0.229182
0.934999 0.240847
0.925891 0.222142
0.922855 0.230261
0.900726 0.247057
0.89064 0.230126
0.873765 0.244827
0.834353 0.244987
0.837786 0.248061
0.842971 0.251394
0.825423 0.279642
0.84529 0.265915
0.870391 0.265065
0.886696 0.260886
0.907773 0.270774
0.866483 0.306882
0.867823 0.316128
0.872142 0.3081
0.882052 0.29425
0.895673 0.2891
0.90537 0.291397
0.91395 0.296557
0.91639 0.29591
0.940648 0.298351
0.957861 0.289869
0.969878 0.290375
0.979466 0.284893
0.994666 0.295923
0.975745 0.308393
0.974113 0.311057
0.978497 0.312391
0.9458 0.320846
0.912518 0.334806
0.934182 0.333638
0.936645 0.334578
0.953745 0.344224
0.972997 0.3515
0.967344 0.37641
0.973447 0.3881
0.9642 0.393105
0.967386 0.396361
0.986044 0.417679
0.987283 0.427105
0.991969 0.437412
0.997341 0.448025
0.97599 0.46878
0.969393 0.499326
0.971799 0.50959
0.945592 0.498855
0.942665 0.502282
0.9062 0.501016
0.917228 0.504372
0.942305 0.519374
0.954971 0.517516
0.988053 0.545927
0.976719 0.54882
0.91655 0.552502
0.884477 0.548961
0.912885 0.564264
0.92244 0.568454
0.930434 0.553897
0.951029 0.562852
0.989701 0.573371
0.998309 0.605273
0.963244 0.606418
0.947054 0.593603
0.941385 0.616255
0.945831 0.617426
0.939558 0.642163
0.96679 0.624033
0.980426 0.656261
0.960789 0.67755
0.974334 0.695475
0.974427 0.707202
0.978096 0.708437
0.987615 0.710201
0.984731 0.725593
0.964828 0.734465
0.981662 0.758621
0.967052 0.772026
0.97372 0.778946
0.991431 0.797889
0.986111 0.800026
0.985001 0.803391
0.973465 0.813997
0.994224 0.88413
0.986404 0.889725
0.987572 0.895904
0.995391 0.918195
0.979993 0.92578
0.975754 0.926424
0.953475 0.88941
0.942837 0.822029
0.902685 0.784331
0.884286 0.780433
0.887813 0.752059
0.865209 0.796407
0.873733 0.816466
0.874567 0.816806
0.852858 0.863099
0.86095 0.85384
0.877581 0.854661
0.892273 0.847745
0.891613 0.837951
0.878349 0.82771
0.888599 0.814211
0.896702 0.802135
0.908799 0.800356
0.919442 0.806942
0.924534 0.805644
0.936393 0.828386
0.932814 0.83947
0.938597 0.864028
0.934915 0.86708
0.932008 0.889591
0.932485 0.894732
0.940098 0.896341
0.952473 0.907038
0.924653 0.920307
0.898176 0.923211
0.92281 0.937328
0.945943 0.928699
0.971437 0.936021
0.976836 0.959673
0.976199 0.991909
0.954917 0.991647
0.946941 0.973336
0.920853 0.964223
0.912438 0.975059
0.873405 0.962641
0.878375 0.950058
0.865421 0.95778
0.861265 0.973294
0.85361 0.982062
0.854308 0.928102
0.823706 0.930872
0.827232 0.903256
0.804462 0.918429
0.794485 0.951993
0.799112 0.950661
0.807371 0.954515
0.815053 0.94756
0.827715 0.938209
0.842963 0.930961
0.847841 0.940306
0.845682 0.961672
0.849195 0.972312
0.848576 0.982042
0.843437 0.988409
0.769553 0.975888
0.758466 0.964981
0.760305 0.970036
0.752513 0.996032
0.73794 0.95256
0.737233 0.95099
0.775483 0.933707
0.771387 0.91286
0.760192 0.916924
0.747704 0.902879
0.749563 0.914203
0.759445 0.918146
0.756949 0.933519
0.741006 0.946169
0.719621 0.955455
0.724858 0.957943
0.733884 0.977238
0.689053 0.999757
0.68254 0.996861
0.681239 0.98258
0.674338 0.987262
0.670513 0.987862
0.661466 0.995466
0.664252 0.965942
0.692919 0.940491
0.719316 0.911261
0.720089 0.899412
0.699896 0.892799
0.700763 0.926435
0.685422 0.91539
0.684683 0.935958
0.666278 0.940091
0.657581 0.948041
0.64477 0.960808
0.613561 0.961583
0.648038 0.918024
0.634834 0.92997
0.6202 0.909066
0.619591 0.909168
0.61599 0.938848
0.602738 0.936767
0.6007 0.921012
0.618689 0.911046
0.630651 0.868126
0.613369 0.875286
0.598355 0.857905
0.659725 0.866674
0.647435 0.885681
0.664618 0.886462
0.669406 0.880905
0.692693 0.858174
0.697674 0.857851
0.702096 0.850058
0.735042 0.859773
0.748949 0.86476
0.778493 0.878413
0.77784 0.846373
0.781317 0.837576
0.786388 0.829783
0.797617 0.828958
0.810099 0.855181
0.817649 0.860576
0.837317 0.822604
0.813359 0.817366
0.803051 0.803552
0.793907 0.791779
0.813664 0.788165
0.825281 0.780013
0.821669 0.779182
0.814607 0.768514
0.809012 0.778704
0.804136 0.778216
0.772283 0.788086
0.761172 0.798376
0.753184 0.768822
0.769686 0.759843
0.755887 0.754577
0.745442 0.764891
0.744235 0.779408
0.745269 0.779774
0.744646 0.782052
0.764953 0.810197
0.778079 0.801127
0.789309 0.810693
0.782549 0.824539
0.7735 0.831959
0.761053 0.84261
0.756563 0.844847
0.740062 0.857197
0.731683 0.845406
0.713123 0.841155
0.694858 0.834631
0.69787 0.816486
0.722937 0.814722
0.710956 0.79868
0.710846 0.750661
0.721529 0.729098
0.743393 0.717976
0.827837 0.741402
0.848426 0.762149
0.855827 0.748454
0.839984 0.7524
0.841785 0.734978
0.886199 0.708265
0.866934 0.706677
0.859461 0.702741
0.83688 0.710682
0.824832 0.733012
0.797926 0.720279
0.769547 0.716314
0.743149 0.705272
0.733776 0.68253
0.707462 0.641168
0.706463 0.61111
0.688292 0.622787
0.698723 0.647807
0.708175 0.666236
0.703395 0.677582
0.706176 0.708745
0.702337 0.71462
0.699165 0.742029
0.674577 0.742284
0.667517 0.671667
0.663624 0.636839
0.655594 0.657844
0.611155 0.69853
0.649551 0.67717
0.65862 0.683657
0.662419 0.704324
0.656986 0.725916
0.664391 0.736398
0.623162 0.700667
0.642423 0.724522
0.63874 0.745367
0.640386 0.751159
0.646129 0.772967
0.664198 0.766585
0.670115 0.752441
0.682619 0.749502
0.683305 0.761787
0.685483 0.763252
0.689378 0.762799
0.70057 0.765592
0.709142 0.779408
0.704853 0.797888
0.680322 0.808365
0.691913 0.828005
0.678742 0.838192
0.677143 0.837973
0.65338 0.845699
0.626851 0.842386
0.618708 0.838078
0.588118 0.83662
0.599816 0.805564
0.583952 0.799203
0.581423 0.820914
0.575077 0.83927
0.565956 0.845433
0.575846 0.859223
0.581157 0.874599
0.542097 0.87002
0.55934 0.885895
0.589723 0.89973
0.585582 0.901474
0.58329 0.914468
0.584631 0.923502
0.573522 0.929757
0.578829 0.940141
0.548706 0.91354
0.544691 0.919896
0.535437 0.93649
0.544057 0.936394
0.560505 0.945466
0.568161 0.950783
0.58405 0.954429
0.584949 0.961517
0.60199 0.969166
0.60038 0.977774
0.613731 0.981442
0.6112 0.999899
0.528259 0.967159
0.541872 0.981948
0.543901 0.985619
0.53204 0.992891
0.502036 0.965902
0.490813 0.961862
0.491197 0.928255
0.465178 0.943191
0.470531 0.947189
0.464845 0.99725
0.436424 0.986162
0.417308 0.997313
0.405393 0.982673
0.415996 0.970669
0.436074 0.951188
0.42802 0.946837
0.422764 0.945663
0.459524 0.908991
0.428102 0.885694
0.434021 0.923658
0.418459 0.923129
0.395956 0.914209
0.4012 0.923952
0.404391 0.931595
0.399913 0.954582
0.395698 0.978275
0.393815 0.995579
0.381957 0.998942
0.362587 0.964741
0.351196 0.97585
0.350718 0.983293
0.333564 0.959063
0.368976 0.933032
0.356125 0.933715
0.366947 0.907398
0.357741 0.90797
0.351119 0.905535
0.352226 0.876776
0.349906 0.869273
0.371686 0.849363
0.384179 0.875768
0.395509 0.861279
0.395258 0.841158
0.392052 0.841645
0.428719 0.800445
0.455564 0.781212
0.498772 0.799122
0.467672 0.827096
0.483732 0.847222
0.492707 0.835959
0.483519 0.874167
0.462997 0.866628
0.499623 0.895461
0.503361 0.86967
0.50507 0.858353
0.504511 0.856391
0.509704 0.848843
0.497821 0.830439
0.529416 0.801795
0.540747 0.795234
0.569075 0.764913
0.556955 0.766026
0.569499 0.76413
0.554158 0.748305
0.548369 0.741808
0.546128 0.724496
0.532327 0.744445
0.539954 0.747211
0.545044 0.761282
0.524798 0.773328
0.520937 0.774513
0.519215 0.776909
0.514969 0.775536
0.496971 0.761414
0.502068 0.782511
0.483666 0.792126
0.458381 0.749486
0.420405 0.752855
0.42592 0.780974
0.415252 0.803127
0.416516 0.807747
0.407416 0.815262
0.39011 0.81125
0.386936 0.806112
0.392616 0.79129
0.385435 0.805474
0.372345 0.764805
0.358989 0.766041
0.363121 0.772449
0.349434 0.789469
0.356751 0.821533
0.345733 0.840695
0.358177 0.856669
0.30521 0.868103
0.339379 0.874738
0.344661 0.875503
0.345863 0.886505
0.335849 0.899551
0.336183 0.914416
0.337408 0.935629
0.318154 0.947347
0.311083 0.942624
0.278168 0.9097
0.286741 0.918886
0.23492 0.870053
0.232534 0.889101
0.229179 0.891798
0.228687 0.898625
0.211312 0.905062
0.186795 0.876662
0.165041 0.881334
0.170552 0.881196
0.184272 0.878259
0.191975 0.898438
0.198132 0.915217
0.205444 0.914343
0.197368 0.938448
0.206904 0.936496
0.22052 0.914486
0.239831 0.915425
0.245914 0.932055
0.252805 0.964248
0.259535 0.943215
0.268509 0.94376
0.29368 0.938337
0.308338 0.945984
0.304336 0.960136
0.320572 0.972856
0.341822 0.971834
0.339943 0.986721
0.329645 0.989471
0.323384 0.976546
0.319395 0.989077
0.318814 0.989959
0.258697 0.997369
0.256007 0.973888
0.250842 0.976008
0.222738 0.99035
0.196916 0.999525
0.190681 0.993195
0.200734 0.97015
0.190807 0.9645
0.188459 0.974935
0.158018 0.955279
0.174295 0.972879
0.179332 0.980053
0.179682 0.992505
0.166885 0.996591
0.162463 0.991232
0.152933 0.9846
0.140077 0.974512
0.152404 0.952385
0.163718 0.92748
0.163535 0.897917
0.161616 0.908945
0.13901 0.919935
0.135425 0.945862
0.122052 0.96872
0.112949 0.985743
0.082578 0.986415
0.076625 0.987347
0.078576 0.972373
0.073066 0.978614
0.075903 0.969227
0.075261 0.947293
0.08183 0.926919
0.074302 0.937307
0.068589 0.941382
0.044253 0.952499
0.029119 0.973234
0.016578 0.970422
0.008216 0.932573
0.034014 0.92088
0.025553 0.894083
0.00542 0.882787
0.017821 0.842309
0.052047 0.886516
0.054924 0.887323
0.057348 0.893041
0.070939 0.905921
0.067163 0.888578
0.07742 0.866222
0.114159 0.876628
0.115345 0.875497
0.132416 0.879862
0.122652 0.874033
0.114399 0.83184
0.113115 0.833924
0.084401 0.845628
0.058445 0.854426
0.053808 0.826826
0.073475 0.805543
0.070235 0.794145
0.104164 0.799488
0.114282 0.793068
0.137781 0.777477
0.14519 0.798167
0.149033 0.792299
0.195339 0.766133
0.208907 0.781494
0.227089 0.785148
0.250376 0.772093
0.227667 0.821988
0.200066 0.818986
0.163866 0.823726
0.188834 0.829539
0.198689 0.820804
0.184603 0.842069
0.238701 0.856325
0.23573 0.846233
0.257082 0.866977
0.287561 0.875395
0.268523 0.836995
0.299962 0.82252
0.293584 0.823984
0.279709 0.805355
0.274532 0.816179
0.277642 0.823107
0.26729 0.829714
0.251163 0.831889
0.236869 0.811139
0.25167 0.803276
0.251863 0.798737
0.270056 0.775884
0.262905 0.78015
0.252238 0.770082
0.248164 0.767208
0.242359 0.761829
0.245762 0.757805
0.271016 0.746932
0.289892 0.757139
0.305837 0.76332
0.299047 0.718358
0.353515 0.725415
0.350437 0.718924
0.362456 0.726568
0.360151 0.747175
0.375761 0.721258
0.403866 0.720081
0.438373 0.713075
0.473927 0.722299
0.476179 0.721149
0.519279 0.698082
0.527349 0.689587
0.544699 0.676573
0.541838 0.707407
0.556676 0.701287
0.595899 0.709328
0.55958 0.689863
0.550496 0.66465
0.58064 0.649127
0.612231 0.707847
0.599751 0.64405
0.581899 0.647571
0.577621 0.643986
0.548291 0.619717
0.540772 0.623385
0.531256 0.609671
0.534827 0.600029
0.539083 0.574978
0.585205 0.601312
0.609943 0.603751
0.627011 0.632948
0.63852 0.611674
0.623783 0.582727
0.614536 0.57732
0.605125 0.584922
0.621226 0.547647
0.641128 0.553521
0.650293 0.575267
0.671925 0.583097
0.70361 0.581255
0.702764 0.581229
0.715718 0.569477
0.70047 0.575439
0.691635 0.571745
0.674006 0.578656
0.669617 0.581072
0.673064 0.570738
0.659298 0.576428
0.655619 0.544001
0.689991 0.512411
0.691656 0.482138
0.671026 0.499006
0.675227 0.510989
0.648342 0.522927
0.622468 0.51857
0.617027 0.515088
0.619013 0.484838
0.64458 0.479489
0.595933 0.486943
0.606981 0.52584
0.614711 0.530632
0.612338 0.544806
0.57604 0.530038
0.581705 0.54015
0.567984 0.557659
0.592873 0.556646
0.588277 0.574738
0.578264 0.585908
0.551995 0.57344
0.533818 0.569382
0.557588 0.568864
0.520913 0.543682
0.524451 0.518801
0.510484 0.541053
0.505396 0.543158
0.522495 0.509238
0.519875 0.503246
0.508004 0.502011
0.4859 0.496886
0.490547 0.514423
0.480315 0.51949
0.453082 0.509799
0.425391 0.499027
0.381184 0.503976
0.382415 0.512858
0.409884 0.522317
0.412365 0.52505
0.437922 0.520243
0.437522 0.529412
0.442405 0.521263
0.44725 0.545817
0.45863 0.521272
0.477784 0.540799
0.505194 0.545107
0.519963 0.55365
0.520702 0.555038
0.511034 0.56363
0.489818 0.572065
0.510472 0.58223
0.514308 0.580575
0.520398 0.586106
0.521078 0.601599
0.511874 0.605502
0.48825 0.611129
0.461232 0.570986
0.422475 0.57233
0.399896 0.560072
0.380269 0.548297
0.372139 0.551405
0.348647 0.514388
0.350294 0.542151
0.348411 0.549817
0.361834 0.566469
0.378544 0.558785
0.382634 0.562549
0.367113 0.606569
0.374729 0.590358
0.392825 0.585655
0.353306 0.633145
0.368859 0.641307
0.388021 0.629708
0.394809 0.610998
0.412076 0.594841
0.438987 0.582979
0.437326 0.59592
0.439848 0.60921
0.453075 0.634561
0.473363 0.659444
0.470376 0.651547
0.474774 0.622881
0.48597 0.630806
0.494167 0.61448
0.513912 0.622841
0.513543 0.624928
0.511494 0.652424
0.534022 0.668031
0.531475 0.675171
0.512001 0.683093
0.499563 0.697084
0.474102 0.688397
0.455961 0.699886
0.434668 0.695425
0.438806 0.662685
0.413594 0.655863
0.425529 0.686623
0.428929 0.698556
0.419444 0.710001
0.41414 0.683864
0.388759 0.7095
0.38941 0.714502
0.378626 0.718897
0.362699 0.703424
0.362586 0.698802
0.374179 0.678261
0.382971 0.676265
0.373531 0.676334
0.349686 0.684758
0.333406 0.687648
0.312199 0.696357
0.308475 0.692754
0.29595 0.694704
0.282087 0.694485
0.276263 0.688213
0.290162 0.680738
0.301883 0.667095
0.29511 0.654534
0.290941 0.6493
0.291116 0.626036
0.308299 0.632907
0.315155 0.611279
0.302871 0.609758
0.311874 0.576085
0.306874 0.531001
0.303952 0.537697
0.305023 0.551567
0.28888 0.574755
0.305649 0.58761
0.289701 0.604161
0.2945 0.619691
0.287581 0.620878
0.281191 0.618715
0.259788 0.636825
0.254922 0.637557
0.256501 0.637636
0.267476 0.642325
0.243851 0.640627
0.202533 0.665643
0.19558 0.671757
0.211373 0.67682
0.234598 0.671065
0.246286 0.646303
0.273088 0.642277
0.279477 0.662845
0.27225 0.67098
0.263248 0.675245
0.264198 0.684216
0.265492 0.698137
0.270365 0.724879
0.261434 0.736034
0.243863 0.730583
0.24688 0.722204
0.233329 0.709309
0.228311 0.723498
0.222295 0.723366
0.226444 0.731035
0.225824 0.744965
0.224256 0.746244
0.202928 0.749465
0.171274 0.752227
0.166818 0.741215
0.157228 0.709611
0.157431 0.727228
0.146766 0.68057
0.157722 0.68067
0.158379 0.638585
0.191339 0.623539
0.199346 0.621045
0.191568 0.605869
0.19267 0.602471
0.211178 0.587376
0.196687 0.594418
0.187161 0.596911
0.173813 0.60377
0.159511 0.622346
0.142885 0.629351
0.137825 0.638676
0.143561 0.655459
0.123918 0.669282
0.132847 0.686548
0.090737 0.655302
0.094609 0.66403
0.078511 0.677552
0.093341 0.67116
0.103673 0.692941
0.082107 0.708168
0.064083 0.704347
0.083302 0.712398
0.113528 0.708349
0.141984 0.703187
0.141162 0.732213
0.149352 0.739131
0.138098 0.76046
0.134089 0.763586
0.118531 0.778036
0.103823 0.777951
0.097013 0.759045
0.094492 0.754878
0.070588 0.746465
0.075975 0.751105
0.078124 0.759899
0.07604 0.770447
0.058825 0.74726
0.054623 0.78122
0.044568 0.783494
0.036318 0.799725
0.027142 0.796014
0.01356 0.793116
0.013134 0.783576
0.015884 0.771466
0.010232 0.758286
0.020028 0.747541
0.01259 0.736325
0.016561 0.732244
0.001492 0.696224
0.036872 0.690953
0.056025 0.711088
0.04956 0.679183
0.032977 0.680876
0.023101 0.683496
0.008506 0.655084
0.040205 0.648134
0.024838 0.641765
0.08043 0.619294
0.069564 0.587335
0.057636 0.606404
0.05382 0.606922
0.033108 0.606021
0.020956 0.604725
0.019924 0.604098
0.065036 0.583922
0.033701 0.567371
0.028915 0.56503
0.015663 0.546519
0.00374 0.512903
0.005381 0.510302
0.014117 0.509809
0.023615 0.498192
0.011531 0.495874
0.012611 0.473062
0.010919 0.397268
0.017877 0.39611
0.047125 0.398757
0.049962 0.446115
0.055346 0.433502
0.062788 0.433169
0.065181 0.443271
0.080357 0.44138
0.05096 0.484199
0.050524 0.48732
0.06836 0.501361
0.072625 0.494909
0.077743 0.487567
0.095544 0.489719
0.099807 0.501495
0.089947 0.506176
0.079463 0.515135
0.052257 0.529804
0.052285 0.54752
0.056668 0.539307
0.062282 0.538041
0.064455 0.540015
0.082452 0.533698
0.097766 0.56184
0.12032 0.522101
0.163406 0.518138
0.153952 0.559638
0.117955 0.556557
0.140096 0.563343
0.172155 0.555279
0.16979 0.55278
0.17041 0.547184
0.190953 0.553512
0.184296 0.536117
0.185202 0.529426
0.170617 0.515875
0.171837 0.506765
0.173865 0.49766
0.200037 0.488145
0.220768 0.473279
0.234293 0.468835
0.232994 0.50601
0.219821 0.513429
0.20944 0.535053
0.236797 0.574148
0.253861 0.572683
0.253309 0.610623
0.258493 0.596905
0.26113 0.551788
0.246061 0.552386
0.245129 0.559648
0.231441 0.563317
0.229421 0.548729
0.21678 0.537903
0.228463 0.524245
0.229414 0.511841
0.241053 0.512082
0.246177 0.506258
0.249113 0.490088
0.276226 0.511148
0.302324 0.527152
0.28184 0.503749
0.278954 0.47199
0.278042 0.466967
0.317463 0.477033
0.340495 0.481566
0.343405 0.48169
0.349256 0.479954
0.362733 0.46733
0.342372 0.463628
0.36863 0.445577
0.401486 0.457823
0.369597 0.413944
0.366646 0.430167
0.36425 0.443371
0.346889 0.44313
0.344372 0.446606
0.320212 0.448226
0.320404 0.453274
0.319037 0.469442
0.310306 0.46971
0.290406 0.458722
0.275351 0.452494
0.269646 0.43271
0.269604 0.437482
0.25724 0.447774
0.244845 0.454996
0.228205 0.46349
0.209327 0.465495
0.208387 0.468111
0.187747 0.460912
0.156888 0.459564
0.165341 0.468613
0.161361 0.473938
0.153548 0.497604
0.140831 0.496939
0.128757 0.502815
0.111064 0.504093
0.110434 0.498687
0.121502 0.474272
0.111871 0.48287
0.104588 0.482011
0.083358 0.465961
0.128076 0.430291
0.107776 0.441902
0.092198 0.437529
0.082789 0.438873
0.076568 0.431751
0.111082 0.438009
0.091941 0.431609
0.078813 0.409464
0.087254 0.395747
0.096906 0.404229
0.107956 0.396836
0.092706 0.386516
0.09254 0.386071
0.082072 0.36507
0.070816 0.386397
0.052052 0.37621
0.051927 0.375722
0.054666 0.373573
0.038595 0.358607
0.031945 0.322404
0.029277 0.338765
0.014999 0.343676
0.010972 0.343738
0.017138 0.297589
0.019233 0.290604
0.04056 0.296642
0.05173 0.310901
0.067357 0.317407
0.074788 0.331406
0.079724 0.328699
0.112059 0.361364
0.107604 0.341377
0.132013 0.375044
0.13048 0.36859
0.135806 0.330981
0.12628 0.32068
0.160381 0.352391
0.186697 0.384559
0.174169 0.399468
0.133774 0.418822
0.166839 0.418368
0.188562 0.40758
0.237927 0.402192
0.236999 0.39166
0.218799 0.40293
0.211456 0.395252
0.196943 0.393144
0.190716 0.380273
0.187398 0.369761
0.190462 0.361954
0.214177 0.373727
0.229678 0.349684
0.242282 0.362717
0.2753 0.400458
0.301765 0.390837
0.322563 0.404374
0.315869 0.394069
0.304447 0.369563
0.288166 0.375624
0.268024 0.360826
0.266069 0.355239
0.288171 0.338454
0.281384 0.322318
0.261006 0.33386
0.255276 0.326985
0.247343 0.325527
0.264309 0.301518
0.320393 0.317611
0.325953 0.344965
0.339263 0.364359
0.340003 0.357005
0.342506 0.368791
0.346807 0.372905
0.359607 0.354023
0.363496 0.400398
0.387265 0.387376
0.404575 0.3949
0.403952 0.382222
0.40216 0.37394
0.406686 0.350393
0.392781 0.359329
0.384031 0.345889
0.356786 0.345295
0.35461 0.335948
0.334156 0.336376
0.324175 0.328093
0.330929 0.305601
0.337246 0.301653
0.355626 0.312042
0.356538 0.303353
0.358006 0.288304
0.325316 0.265905
0.324155 0.271658
0.335152 0.283467
0.325837 0.300046
0.306677 0.304759
0.302428 0.305218
0.300656 0.304051
0.292308 0.299774
0.290074 0.258326
0.298382 0.2484
0.28654 0.248121
0.288047 0.2504
0.279791 0.257428
0.272467 0.255921
0.25962 0.261022
0.264871 0.278271
0.255339 0.290693
0.250193 0.307645
0.237695 0.302434
0.219721 0.313338
0.206737 0.295219
0.193029 0.293245
0.17276 0.300841
0.163042 0.28497
0.214439 0.264411
0.220354 0.255521
0.236804 0.211864
0.227535 0.232421
0.214359 0.237831
0.189365 0.248191
0.180346 0.216427
0.177888 0.210205
0.1966 0.196348
0.22525 0.190524
0.190335 0.163678
0.186568 0.158562
0.157119 0.156306
0.190071 0.131499
0.217756 0.161286
0.229476 0.13893
0.224 0.129523
0.221554 0.131302
0.204351 0.114019
0.193059 0.1141
0.186209 0.109934
0.248762 0.110531
0.237392 0.098607
0.237808 0.0767
0.226506 0.089803
0.21655 0.087692
0.225178 0.057019
0.23763 0.04307
0.215522 0.045342
0.19832 0.078212
0.176085 0.076829
0.165183 0.067204
0.167097 0.07595
0.154763 0.080453
0.126998 0.096952
0.160708 0.101021
0.166928 0.133189
0.154419 0.137636
0.1277 0.149931
0.12685 0.174489
0.133421 0.165676
0.145304 0.162953
0.113118 0.196253
0.137951 0.195348
0.152689 0.18522
0.159296 0.188949
0.165416 0.197257
0.166094 0.226381
0.166301 0.265353
0.131217 0.24014
0.117094 0.253609
0.122969 0.265589
0.13377 0.256139
0.141462 0.26434
0.147584 0.281758
0.141893 0.293229
0.146065 0.300393
0.128091 0.315369
0.118183 0.313502
0.095898 0.316871
0.072463 0.317175
0.075656 0.309953
0.055024 0.278729
0.0575 0.271364
0.053786 0.267745
0.063298 0.222738
0.033068 0.237842
0.016078 0.225738
0.024726 0.220737
0.021126 0.203001
0.008772 0.204397
0.007126 0.199
0.003529 0.176244
0.026979 0.173753
0.040655 0.180079
0.055499 0.180326
0.105641 0.210912
0.091343 0.194148
0.007219 0.159732
0.000788 0.118197
0.017067 0.100253
0.000701 0.092381
