200
0.256193 0.620916
0.530557 0.236117
0.564684 0.285215
0.847838 0.077336
0.672600 0.229589
0.643948 0.972852
0.090873 0.894170
0.265710 0.618158
0.876265 0.771028
0.346770 0.392058
0.814681 0.707648
0.058643 0.371141
0.267337 0.910482
0.632298 0.254250
0.861884 0.933500
0.979979 0.903333
0.562350 0.855783
0.183879 0.104350
0.652686 0.456842
0.900579 0.535037
0.969236 0.522224
0.275199 0.451006
0.464237 0.536025
0.630028 0.611515
0.792413 0.486834
0.117537 0.566727
0.054854 0.349497
0.132532 0.147163
0.699530 0.155790
0.650377 0.270566
0.618256 0.970912
0.967237 0.966531
0.043079 0.616484
0.454949 0.900911
0.714707 0.183543
0.225347 0.219069
0.388545 0.088393
0.195944 0.556472
0.726300 0.525131
0.100687 0.146526
0.883064 0.946023
0.678576 0.372560
0.265068 0.615253
0.354409 0.738521
0.532558 0.549796
0.729726 0.679042
0.718346 0.648258
0.493358 0.728751
0.834186 0.673238
0.546703 0.633042
0.901657 0.239988
0.091338 0.043263
0.299702 0.422236
0.482198 0.367370
0.388854 0.798039
0.566775 0.442315
0.935233 0.698945
0.414503 0.315377
0.001064 0.515178
0.529233 0.531465
0.487788 0.203384
0.262822 0.588738
0.756836 0.648233
0.445695 0.881302
0.327047 0.833809
0.793973 0.024402
0.115808 0.078309
0.749211 0.127903
0.908220 0.536483
0.705440 0.666463
0.182964 0.044738
0.589373 0.953218
0.188720 0.247664
0.099522 0.278954
0.136863 0.291837
0.300760 0.527516
0.190248 0.558837
0.508511 0.201905
0.519944 0.902691
0.535520 0.377587
0.465584 0.799890
0.786556 0.669741
0.983641 0.884582
0.207163 0.661073
0.900052 0.745297
0.184798 0.023014
0.489067 0.272704
0.881448 0.616260
0.348831 0.934654
0.260167 0.215488
0.524780 0.421518
0.067219 0.331140
0.806648 0.510328
0.055640 0.337941
0.939052 0.964212
0.434618 0.536338
0.550289 0.446509
0.698707 0.834621
0.235892 0.570462
0.117973 0.294332
0.635647 0.553648
0.772640 0.438039
0.987132 0.332960
0.030071 0.542759
0.894025 0.861722
0.204020 0.855948
0.094061 0.692173
0.338256 0.061640
0.738097 0.644456
0.295868 0.588981
0.795988 0.242364
0.520795 0.790528
0.078015 0.688256
0.547742 0.491163
0.756130 0.349602
0.631559 0.799477
0.188332 0.543148
0.946800 0.234862
0.824132 0.647255
0.309713 0.243779
0.103000 0.291339
0.120111 0.150159
0.121263 0.876601
0.401030 0.117549
0.968984 0.161913
0.099747 0.667992
0.658301 0.172129
0.341996 0.454312
0.715552 0.178328
0.824945 0.695663
0.648991 0.941644
0.628431 0.063625
0.271433 0.397842
0.737774 0.085504
0.408498 0.250004
0.134182 0.650746
0.963845 0.777039
0.568231 0.578387
0.395164 0.071800
0.131907 0.185776
0.667178 0.277927
0.759571 0.065163
0.419240 0.853100
0.827402 0.251688
0.561164 0.058312
0.505342 0.330926
0.596028 0.846169
0.527939 0.716391
0.234542 0.595458
0.241403 0.185721
0.229087 0.876837
0.410392 0.894642
0.746475 0.563322
0.999359 0.776268
0.911931 0.787748
0.433316 0.720763
0.846781 0.521971
0.853052 0.947242
0.873498 0.517633
0.136160 0.391253
0.654720 0.069031
0.722216 0.241659
0.615960 0.166840
0.184945 0.411435
0.104139 0.104030
0.396799 0.485727
0.921904 0.756052
0.560448 0.458907
0.673078 0.176741
0.344605 0.257944
0.818443 0.688967
0.409840 0.993822
0.246664 0.648339
0.456474 0.140530
0.195170 0.069193
0.972089 0.895477
0.524912 0.931442
0.623104 0.395024
0.850380 0.127562
0.052899 0.041550
0.361246 0.620477
0.420278 0.737630
0.873619 0.774444
0.777518 0.731575
0.552009 0.189726
0.804116 0.877287
0.555281 0.106195
0.257487 0.962702
0.642606 0.125849
0.410716 0.436029
0.338120 0.132600
0.395522 0.622720
0.338765 0.703420
0.814981 0.993131
0.573185 0.299696
0.041836 0.623352
0.666475 0.860914
0.473575 0.113048
0.784762 0.120133
0.516499 0.581191
