50
0.055021 0.796839
0.339717 0.553515
0.478858 0.202647
0.363704 0.939351
0.636352 0.421388
0.942316 0.714654
0.524943 0.893085
0.719043 0.358354
0.743816 0.890965
0.167263 0.662886
0.422692 0.511068
0.754415 0.059031
0.611486 0.390519
0.440268 0.450017
0.345116 0.292611
0.608503 0.587749
0.325512 0.711053
0.303570 0.050157
0.159704 0.517765
0.446970 0.523768
0.553659 0.059298
0.888773 0.932084
0.926447 0.896422
0.442455 0.283179
0.737637 0.808886
0.424016 0.285110
0.852629 0.085334
0.080220 0.472199
0.674622 0.898712
0.434666 0.271290
0.358625 0.878882
0.537783 0.018634
0.667218 0.035792
0.396172 0.147814
0.003447 0.309739
0.835750 0.882257
0.354635 0.825354
0.693634 0.559652
0.231497 0.922915
0.708379 0.258818
0.209616 0.741526
0.787561 0.767145
0.430996 0.995538
0.474409 0.189222
0.277400 0.352520
0.416679 0.287578
0.647541 0.743700
0.394791 0.975451
0.772185 0.492865
0.086175 0.102599
