600
0.546353 0.164528
0.157361 0.349779
0.893450 0.844909
0.705610 0.594956
0.456416 0.959176
0.877461 0.591215
0.488302 0.112252
0.198000 0.582451
0.756003 0.478717
0.912880 0.390878
0.855242 0.151986
0.533636 0.874671
0.281561 0.655559
0.624686 0.179067
0.764207 0.202379
0.607450 0.014991
0.638737 0.258326
0.548926 0.694927
0.092435 0.986375
0.579802 0.094009
0.090442 0.919577
0.268153 0.459768
0.628950 0.471029
0.573319 0.169460
0.292702 0.539221
0.795766 0.511239
0.951573 0.460826
0.605098 0.891578
0.733678 0.225426
0.438541 0.409215
0.262253 0.068597
0.320686 0.062613
0.105591 0.637932
0.930393 0.462632
0.404821 0.426513
0.672064 0.075324
0.070047 0.810022
0.642226 0.057789
0.352940 0.788036
0.345332 0.669384
0.697883 0.993751
0.489654 0.528505
0.574433 0.321313
0.502801 0.579331
0.182537 0.722955
0.550003 0.283714
0.853276 0.884319
0.572180 0.820802
0.453253 0.812055
0.280681 0.578904
0.888672 0.725061
0.200100 0.200961
0.390738 0.539602
0.064269 0.370008
0.604985 0.039310
0.789715 0.667457
0.217186 0.033074
0.094500 0.073793
0.619362 0.392518
0.681583 0.614501
0.131913 0.795873
0.034843 0.469156
0.358236 0.045000
0.766223 0.796670
0.536607 0.670293
0.759765 0.472352
0.350815 0.265841
0.503080 0.524647
0.282467 0.848527
0.073099 0.648436
0.661121 0.600163
0.629790 0.459587
0.525429 0.510077
0.985902 0.145847
0.971498 0.402332
0.704335 0.419818
0.825521 0.986569
0.134881 0.100674
0.529104 0.959095
0.689811 0.878801
0.235274 0.500970
0.856454 0.162694
0.438055 0.833842
0.609179 0.015313
0.349838 0.843182
0.125973 0.348363
0.244109 0.730660
0.987560 0.855231
0.181945 0.235074
0.881811 0.237259
0.930607 0.933596
0.774272 0.476662
0.550346 0.008695
0.487998 0.409270
0.255557 0.893107
0.982877 0.985147
0.215643 0.427462
0.632034 0.827397
0.143682 0.142807
0.915305 0.405088
0.988466 0.073605
0.682672 0.688425
0.199565 0.731574
0.318190 0.378244
0.010464 0.589108
0.525011 0.094472
0.487293 0.639660
0.077480 0.226059
0.636730 0.373989
0.287802 0.721799
0.861315 0.066550
0.889389 0.344079
0.356724 0.636724
0.232197 0.199164
0.044264 0.076834
0.684263 0.399955
0.300397 0.990432
0.517164 0.186507
0.280669 0.145189
0.372411 0.710022
0.553965 0.567082
0.036326 0.495769
0.164555 0.151069
0.475380 0.649781
0.817105 0.377255
0.894134 0.197938
0.323834 0.841471
0.922717 0.616053
0.098363 0.340976
0.177362 0.350908
0.694127 0.924635
0.958609 0.813247
0.405407 0.688654
0.996789 0.099217
0.901474 0.740681
0.346163 0.773023
0.696687 0.523099
0.784598 0.470974
0.339195 0.951983
0.207076 0.528412
0.908768 0.372947
0.925514 0.777016
0.941183 0.265586
0.296962 0.343420
0.989511 0.439927
0.426158 0.435753
0.229402 0.625443
0.497796 0.820078
0.306742 0.907144
0.341949 0.927174
0.498676 0.678783
0.601421 0.998365
0.020836 0.448440
0.082551 0.238934
0.707404 0.771727
0.671286 0.741257
0.618344 0.349649
0.126331 0.826254
0.710378 0.174807
0.375557 0.931524
0.553858 0.992160
0.887920 0.679961
0.689043 0.967144
0.010353 0.581664
0.110836 0.878677
0.700282 0.119248
0.838354 0.413837
0.866804 0.382471
0.123153 0.560601
0.245068 0.648767
0.990964 0.206828
0.655516 0.106310
0.100966 0.786712
0.963505 0.697019
0.654524 0.061059
0.001108 0.361634
0.267773 0.487024
0.544986 0.109983
0.662384 0.940507
0.274322 0.399084
0.847282 0.246531
0.008014 0.533981
0.612956 0.661876
0.402153 0.289899
0.115523 0.275818
0.776602 0.627112
0.571848 0.670894
0.538738 0.080532
0.330204 0.452457
0.559729 0.557830
0.690101 0.403393
0.784905 0.619696
0.358844 0.964095
0.934102 0.799119
0.121747 0.419407
0.884172 0.283035
0.628256 0.777559
0.733115 0.649879
0.102276 0.524537
0.531367 0.080313
0.859046 0.736635
0.285327 0.888193
0.254851 0.865851
0.338748 0.271177
0.222330 0.697932
0.134135 0.009815
0.853086 0.257886
0.880117 0.313970
0.555155 0.203544
0.518945 0.394209
0.084551 0.569294
0.134676 0.284767
0.320966 0.869255
0.780489 0.730825
0.751540 0.675367
0.775819 0.965999
0.127255 0.266811
0.157735 0.755615
0.274925 0.840673
0.797639 0.597893
0.085438 0.089641
0.197625 0.232862
0.997633 0.433590
0.038295 0.685757
0.240498 0.098492
0.735719 0.615698
0.732237 0.053851
0.387462 0.723964
0.454460 0.810836
0.465667 0.011840
0.195470 0.322943
0.714005 0.605479
0.796011 0.869887
0.318786 0.347516
0.844558 0.599060
0.127190 0.691678
0.494467 0.912775
0.251261 0.041107
0.635734 0.677311
0.219310 0.970127
0.903170 0.992078
0.926914 0.980107
0.320022 0.886950
0.056827 0.001963
0.213655 0.927682
0.912280 0.352978
0.299282 0.035516
0.732039 0.592281
0.331673 0.002449
0.347053 0.175842
0.700920 0.588508
0.507066 0.868715
0.214173 0.637833
0.670757 0.180048
0.929102 0.867576
0.154415 0.652612
0.518009 0.188485
0.789329 0.707331
0.018639 0.575015
0.650252 0.024882
0.604430 0.321615
0.878540 0.359924
0.696194 0.236604
0.272240 0.297357
0.208529 0.718795
0.722601 0.818850
0.892304 0.685221
0.318787 0.018385
0.791264 0.127260
0.880377 0.679999
0.305049 0.944317
0.743173 0.806741
0.114692 0.913080
0.883147 0.462781
0.080849 0.110465
0.049038 0.823018
0.436291 0.724824
0.953555 0.552182
0.770718 0.388730
0.978696 0.010248
0.203314 0.863376
0.339591 0.065502
0.384574 0.498248
0.669972 0.277639
0.672739 0.100046
0.355464 0.433797
0.374411 0.657201
0.304181 0.039351
0.406666 0.073878
0.465663 0.406701
0.339910 0.572442
0.567061 0.644653
0.067031 0.043631
0.510008 0.080746
0.279184 0.636738
0.983962 0.408312
0.501724 0.596927
0.300560 0.383031
0.512164 0.421899
0.489878 0.134854
0.793792 0.936211
0.097052 0.879415
0.163530 0.424997
0.113497 0.782811
0.199325 0.998512
0.499919 0.969288
0.538520 0.530240
0.236511 0.221574
0.804154 0.939150
0.196730 0.519576
0.394318 0.507956
0.259974 0.790111
0.844951 0.419776
0.365187 0.130055
0.422175 0.493459
0.679594 0.780386
0.846447 0.042811
0.308990 0.043380
0.741105 0.016193
0.787895 0.090804
0.584410 0.979135
0.901269 0.676154
0.874941 0.541150
0.231709 0.564163
0.370881 0.460213
0.449946 0.077844
0.585072 0.532064
0.255500 0.765482
0.848302 0.245215
0.302893 0.873639
0.645319 0.794091
0.373139 0.838074
0.284579 0.584067
0.627515 0.765249
0.431076 0.924349
0.490332 0.306187
0.237245 0.217689
0.436167 0.394994
0.019923 0.956080
0.377806 0.718955
0.594561 0.599058
0.717273 0.663310
0.500165 0.294448
0.506016 0.223508
0.010630 0.239783
0.844623 0.848402
0.518914 0.669392
0.525474 0.588495
0.102995 0.299470
0.185245 0.304553
0.622134 0.712280
0.819092 0.158066
0.477431 0.016296
0.710674 0.034294
0.529024 0.272315
0.448687 0.352738
0.299472 0.450096
0.889249 0.816784
0.314897 0.099683
0.093488 0.809165
0.225550 0.430891
0.139933 0.015896
0.604675 0.505774
0.728867 0.539183
0.683352 0.747023
0.426458 0.125818
0.241485 0.446869
0.553443 0.777796
0.560391 0.234639
0.261649 0.606534
0.568118 0.387148
0.064429 0.451448
0.598377 0.503855
0.770694 0.691123
0.952394 0.745535
0.827900 0.348777
0.219818 0.893357
0.115755 0.513673
0.555407 0.083162
0.357285 0.804057
0.546587 0.066740
0.055486 0.064731
0.956462 0.672500
0.704374 0.843433
0.201147 0.266243
0.537403 0.543004
0.625797 0.346558
0.688640 0.129646
0.730865 0.449939
0.641367 0.378061
0.498858 0.791385
0.707833 0.617335
0.286414 0.184713
0.874805 0.046408
0.786171 0.913006
0.959533 0.152240
0.683615 0.683494
0.589797 0.518416
0.277206 0.558718
0.347806 0.880202
0.841669 0.381825
0.616835 0.384523
0.125442 0.641970
0.037329 0.148175
0.876498 0.656395
0.637048 0.583094
0.633334 0.333410
0.167018 0.114519
0.999205 0.135841
0.949013 0.515827
0.898840 0.731539
0.830533 0.560394
0.300304 0.996406
0.997663 0.101786
0.007885 0.296217
0.713855 0.463504
0.392073 0.434153
0.600827 0.502198
0.941235 0.434422
0.398043 0.596379
0.705409 0.233515
0.183147 0.208228
0.317032 0.887702
0.634919 0.016576
0.823489 0.927465
0.457600 0.763589
0.702782 0.329950
0.496267 0.096635
0.839146 0.198365
0.392019 0.831241
0.959397 0.620892
0.027652 0.624385
0.830727 0.346474
0.829169 0.370381
0.933923 0.947404
0.185144 0.633457
0.689586 0.608566
0.409310 0.779402
0.780126 0.366709
0.063564 0.392742
0.553646 0.009103
0.165135 0.493143
0.910121 0.817399
0.468732 0.866694
0.628963 0.203287
0.803109 0.476779
0.251851 0.438571
0.054505 0.151149
0.056285 0.184806
0.877030 0.335527
0.582253 0.589970
0.572232 0.052517
0.753039 0.686350
0.029068 0.282796
0.923333 0.492336
0.729507 0.769317
0.464011 0.575182
0.788576 0.787373
0.287539 0.366892
0.899035 0.604221
0.948675 0.367979
0.113387 0.288199
0.567590 0.229055
0.047597 0.898267
0.658975 0.674580
0.234446 0.652707
0.509908 0.595234
0.476053 0.775423
0.371224 0.673126
0.891388 0.105278
0.970526 0.879183
0.685844 0.166995
0.211979 0.307219
0.811299 0.864289
0.357683 0.736460
0.363844 0.156432
0.894067 0.280149
0.011563 0.608836
0.167046 0.933186
0.263777 0.397626
0.572288 0.830693
0.966063 0.849636
0.458758 0.925773
0.292713 0.127785
0.445087 0.973458
0.266792 0.030772
0.006735 0.331764
0.682932 0.749671
0.007651 0.300484
0.003748 0.515235
0.279537 0.476111
0.970928 0.055741
0.870701 0.304193
0.291408 0.352629
0.293318 0.319201
0.400780 0.054431
0.252920 0.227666
0.258130 0.681775
0.335222 0.985176
0.940704 0.648385
0.277597 0.913078
0.197510 0.969260
0.336739 0.112518
0.652884 0.436846
0.975712 0.862737
0.089173 0.079605
0.145737 0.176896
0.021915 0.374826
0.255881 0.739494
0.754994 0.544651
0.280386 0.869164
0.173872 0.165050
0.697928 0.343197
0.687584 0.505814
0.285694 0.508700
0.914785 0.662482
0.431498 0.864509
0.477938 0.564458
0.384040 0.347450
0.745114 0.294296
0.739060 0.674921
0.228735 0.311696
0.457034 0.591536
0.389717 0.123204
0.552883 0.065733
0.274678 0.262646
0.981568 0.345271
0.583548 0.670047
0.126547 0.774584
0.738194 0.382643
0.903585 0.409358
0.034906 0.380243
0.479896 0.376367
0.085572 0.936512
0.051693 0.718776
0.338655 0.242207
0.141680 0.137091
0.415750 0.294768
0.161655 0.802861
0.185517 0.015887
0.214733 0.789800
0.784516 0.294284
0.568019 0.835129
0.203258 0.888631
0.269181 0.241750
0.780286 0.577830
0.272979 0.425961
0.753823 0.302905
0.276818 0.362513
0.571491 0.180866
0.191126 0.214095
0.737481 0.467895
0.836430 0.241255
0.699689 0.965484
0.980292 0.033887
0.837406 0.581022
0.376824 0.701880
0.787061 0.256857
0.888359 0.047857
0.797377 0.231963
0.344054 0.685042
0.501475 0.634778
0.078449 0.497985
0.298215 0.673014
0.094753 0.940563
0.983496 0.736973
0.389712 0.962472
0.332256 0.990071
0.213482 0.750468
0.663948 0.800578
0.790648 0.206237
0.851372 0.587085
0.638513 0.232958
0.103758 0.537439
0.555386 0.977642
0.862026 0.865411
0.509293 0.322778
0.700513 0.143474
0.697563 0.491274
0.390496 0.603296
0.381503 0.302838
0.471774 0.487530
0.643988 0.940472
0.060509 0.681987
0.114241 0.703893
0.670355 0.528377
0.455427 0.876709
0.802303 0.568650
0.188124 0.617654
0.294103 0.683856
0.602948 0.191021
0.067576 0.609157
0.795148 0.999772
0.511460 0.269422
0.474779 0.020384
0.030667 0.284550
0.717430 0.293978
0.600964 0.752293
0.907720 0.215871
0.709029 0.373946
