2200
0.669513 0.899256
0.437053 0.187233
0.552257 0.824918
0.122281 0.928413
0.442016 0.282176
0.764696 0.370639
0.834952 0.882651
0.331502 0.752938
0.075342 0.884419
0.840647 0.361184
0.715196 0.664678
0.921096 0.932874
0.447013 0.393564
0.328510 0.779846
0.822496 0.112650
0.534428 0.002989
0.415680 0.780573
0.879018 0.625772
0.660979 0.219518
0.351726 0.135389
0.402482 0.028968
0.257893 0.285048
0.500720 0.311924
0.875841 0.555819
0.647894 0.098278
0.391682 0.342724
0.353845 0.062995
0.798308 0.741722
0.343468 0.934925
0.260559 0.347353
0.097395 0.354294
0.706700 0.150363
0.436173 0.430974
0.124538 0.854804
0.647983 0.257354
0.681262 0.060037
0.570886 0.708966
0.612380 0.993801
0.263961 0.942081
0.762707 0.998625
0.655630 0.409928
0.794616 0.018932
0.058085 0.119794
0.232767 0.753633
0.321055 0.399111
0.356634 0.696246
0.903713 0.381372
0.702938 0.993866
0.156859 0.775835
0.871876 0.618450
0.417253 0.714192
0.125292 0.001395
0.798267 0.420458
0.424517 0.893283
0.753072 0.099663
0.906288 0.318722
0.415299 0.806065
0.301290 0.462966
0.322890 0.349308
0.686998 0.927330
0.141331 0.491050
0.084276 0.848189
0.534368 0.094122
0.493493 0.529831
0.488815 0.854376
0.098262 0.269345
0.488784 0.032938
0.896631 0.835828
0.600604 0.100844
0.342033 0.035013
0.800434 0.585261
0.918663 0.066680
0.548051 0.118872
0.580146 0.585688
0.686284 0.210214
0.809022 0.058378
0.591170 0.232490
0.776491 0.695302
0.724547 0.679844
0.840800 0.386571
0.276588 0.015820
0.929731 0.035711
0.672950 0.842171
0.146632 0.021194
0.023402 0.781503
0.837006 0.623188
0.901525 0.381915
0.848345 0.079822
0.624704 0.622465
0.054196 0.879052
0.038788 0.161544
0.831828 0.911434
0.809042 0.678957
0.685130 0.400277
0.884844 0.572999
0.242346 0.820425
0.629589 0.953214
0.899051 0.065523
0.714086 0.027162
0.144340 0.549967
0.558923 0.765861
0.443051 0.747939
0.956355 0.072846
0.712238 0.872686
0.671615 0.600546
0.601133 0.063039
0.499376 0.045119
0.632310 0.959149
0.748753 0.145899
0.464607 0.945658
0.974636 0.947956
0.054671 0.911983
0.610679 0.766183
0.391888 0.042729
0.102916 0.664463
0.114435 0.903577
0.366278 0.221740
0.241457 0.382047
0.411955 0.534306
0.979519 0.538158
0.375182 0.429423
0.375785 0.282967
0.865976 0.874939
0.737396 0.507667
0.861595 0.546440
0.158317 0.657147
0.262020 0.765951
0.008375 0.863387
0.222960 0.085448
0.410760 0.407436
0.421568 0.586006
0.515248 0.901871
0.700840 0.103911
0.428574 0.465299
0.523605 0.508098
0.997093 0.046860
0.992444 0.632731
0.568287 0.549675
0.434151 0.857157
0.735084 0.249435
0.242044 0.194512
0.041095 0.312698
0.715523 0.461028
0.237186 0.587015
0.163390 0.073504
0.685059 0.163077
0.090676 0.041421
0.429867 0.077197
0.515952 0.415186
0.483700 0.119371
0.996954 0.909284
0.440299 0.581985
0.235123 0.895635
0.642549 0.503659
0.453643 0.110424
0.575350 0.756824
0.936191 0.180362
0.048492 0.209203
0.325022 0.697242
0.876570 0.195312
0.576480 0.774593
0.229183 0.805517
0.547287 0.970667
0.197040 0.075498
0.233677 0.649431
0.489449 0.439140
0.600491 0.652666
0.636678 0.786570
0.514454 0.214234
0.814441 0.387790
0.707748 0.048642
0.017518 0.704322
0.627223 0.430460
0.349893 0.001795
0.261965 0.225818
0.652515 0.593922
0.918983 0.252750
0.853009 0.150576
0.409737 0.016339
0.851346 0.635488
0.098815 0.961630
0.445194 0.715075
0.142339 0.949140
0.432561 0.423651
0.846757 0.802092
0.809779 0.726260
0.533639 0.788418
0.734694 0.394212
0.682678 0.079093
0.347563 0.905946
0.882298 0.779230
0.260527 0.177248
0.107865 0.250436
0.337153 0.868736
0.892704 0.807084
0.035907 0.645452
0.092312 0.836598
0.815030 0.996146
0.364910 0.434652
0.412861 0.873538
0.173725 0.727979
0.635887 0.195036
0.589994 0.756446
0.809122 0.183774
0.527060 0.241531
0.190866 0.949688
0.830975 0.501627
0.131809 0.938674
0.073214 0.256513
0.486092 0.266783
0.719465 0.871697
0.332891 0.627437
0.440226 0.437013
0.132727 0.313316
0.582175 0.156518
0.573454 0.449037
0.573842 0.931123
0.312006 0.654288
0.024380 0.048755
0.732567 0.293409
0.644499 0.730056
0.042748 0.550939
0.750596 0.448745
0.881512 0.960196
0.954889 0.099091
0.866793 0.247800
0.617907 0.971527
0.925379 0.878233
0.399843 0.117632
0.716635 0.283826
0.783768 0.316259
0.905125 0.966527
0.032344 0.531704
0.195550 0.245461
0.403764 0.952377
0.017527 0.165604
0.240942 0.847299
0.799103 0.486905
0.106876 0.516553
0.983852 0.878249
0.145063 0.147458
0.008614 0.823355
0.465116 0.136473
0.384997 0.623880
0.633318 0.570925
0.654076 0.107774
0.962889 0.620222
0.465065 0.583051
0.838502 0.847042
0.318514 0.751152
0.609637 0.661007
0.472262 0.381053
0.970458 0.646497
0.801227 0.975896
0.039381 0.537834
0.311235 0.909050
0.580084 0.842499
0.497392 0.836719
0.556729 0.814892
0.134475 0.446571
0.701494 0.544431
0.727989 0.650670
0.752756 0.364180
0.825957 0.396153
0.099251 0.139542
0.103760 0.105315
0.507207 0.422268
0.928600 0.048739
0.281743 0.910560
0.052984 0.528341
0.612924 0.665035
0.073703 0.198331
0.495888 0.347636
0.560149 0.544769
0.064444 0.924756
0.036147 0.908369
0.516206 0.638918
0.255653 0.321520
0.372921 0.451370
0.178819 0.314274
0.694901 0.663443
0.567914 0.809719
0.406881 0.983689
0.603082 0.839693
0.343225 0.383255
0.307150 0.126547
0.621806 0.647977
0.388515 0.299182
0.590984 0.601264
0.718274 0.135903
0.220713 0.185371
0.815141 0.088248
0.471111 0.812818
0.703961 0.025995
0.246403 0.538706
0.132400 0.094263
0.633918 0.084949
0.751423 0.230775
0.170140 0.469483
0.382602 0.785482
0.062813 0.256811
0.614203 0.468946
0.998377 0.102851
0.596693 0.932161
0.557316 0.627171
0.998444 0.328381
0.070632 0.389748
0.165070 0.920862
0.622795 0.935395
0.126825 0.671405
0.908846 0.665172
0.010275 0.381941
0.088000 0.900352
0.025049 0.688559
0.940566 0.066023
0.553756 0.314287
0.317408 0.251862
0.547377 0.255444
0.456340 0.398880
0.842253 0.411358
0.276344 0.790244
0.733643 0.063677
0.957446 0.718065
0.768328 0.058419
0.125017 0.799330
0.900787 0.317198
0.567277 0.066726
0.409417 0.280265
0.430045 0.414605
0.285415 0.304765
0.465328 0.976941
0.595994 0.623031
0.275420 0.408847
0.301731 0.957874
0.902815 0.525814
0.312221 0.440851
0.094536 0.003360
0.851838 0.278150
0.040994 0.472801
0.499451 0.717278
0.742894 0.809764
0.624616 0.460242
0.443433 0.649585
0.747856 0.585629
0.294401 0.287651
0.890798 0.106251
0.517101 0.051885
0.040469 0.414226
0.652609 0.178372
0.081748 0.383209
0.782670 0.655305
0.247833 0.247790
0.202662 0.517770
0.236537 0.587487
0.265964 0.113616
0.971656 0.531777
0.033216 0.129557
0.873678 0.358146
0.551346 0.356370
0.368231 0.124347
0.033878 0.607685
0.425289 0.986417
0.919062 0.595855
0.580115 0.018128
0.406841 0.628609
0.387687 0.820693
0.780955 0.834742
0.871829 0.486866
0.352243 0.774871
0.715649 0.250536
0.290477 0.544051
0.465864 0.684064
0.862229 0.443924
0.792194 0.240301
0.231838 0.992816
0.986031 0.708712
0.795384 0.412288
0.110342 0.847109
0.012976 0.191344
0.796203 0.454897
0.225844 0.023449
0.845691 0.869834
0.399574 0.433832
0.920254 0.420093
0.421873 0.576485
0.503656 0.954588
0.963836 0.589236
0.561279 0.370816
0.443767 0.152302
0.697761 0.295442
0.701321 0.249704
0.033278 0.981763
0.338934 0.095626
0.065787 0.005763
0.786580 0.298436
0.641409 0.410743
0.117439 0.768835
0.505155 0.511951
0.374445 0.725694
0.557515 0.631779
0.135831 0.167528
0.091091 0.486105
0.591913 0.722087
0.580856 0.277752
0.686733 0.310754
0.735233 0.769304
0.669560 0.448737
0.007367 0.652227
0.802075 0.723869
0.619329 0.931156
0.817151 0.420898
0.975525 0.358447
0.660034 0.719490
0.833426 0.960660
0.448599 0.364274
0.045015 0.686076
0.275081 0.792192
0.649171 0.985172
0.813643 0.415114
0.935043 0.761761
0.056739 0.427034
0.193661 0.285097
0.441284 0.262652
0.641724 0.307198
0.349139 0.891071
0.438626 0.549754
0.589419 0.749905
0.546120 0.287908
0.356068 0.543445
0.686338 0.898761
0.051362 0.975964
0.534666 0.092884
0.636903 0.661913
0.763929 0.586233
0.738372 0.459298
0.253100 0.011018
0.654193 0.835487
0.242236 0.839963
0.261124 0.806654
0.248642 0.804554
0.343915 0.097578
0.822386 0.096414
0.467099 0.874863
0.458731 0.013786
0.064020 0.497284
0.270275 0.727524
0.493692 0.412801
0.445300 0.027087
0.981751 0.145508
0.953492 0.944131
0.688819 0.676979
0.663838 0.368715
0.899949 0.030967
0.094922 0.520115
0.714985 0.091472
0.506179 0.728105
0.509909 0.139523
0.028624 0.706101
0.889099 0.856994
0.604772 0.651392
0.972935 0.350306
0.050436 0.591462
0.336483 0.055743
0.006757 0.437987
0.125971 0.503385
0.423353 0.554724
0.168344 0.830464
0.712987 0.515630
0.844765 0.385875
0.050078 0.447066
0.456507 0.915461
0.970066 0.729557
0.644739 0.541278
0.663339 0.735854
0.088794 0.623599
0.907935 0.579250
0.695407 0.642873
0.358056 0.206872
0.151659 0.325751
0.726792 0.251668
0.367062 0.266656
0.660980 0.044321
0.742757 0.143520
0.288772 0.751464
0.903344 0.542253
0.407552 0.651857
0.589348 0.331269
0.657294 0.409416
0.532268 0.570143
0.318825 0.068190
0.027608 0.288484
0.374245 0.453493
0.532575 0.829096
0.488277 0.866899
0.052959 0.309102
0.237116 0.529297
0.896245 0.199933
0.907204 0.121982
0.825572 0.306669
0.515723 0.587461
0.072561 0.676542
0.217462 0.775125
0.950068 0.900014
0.114145 0.277957
0.701657 0.682628
0.493934 0.145433
0.910030 0.821238
0.253925 0.240019
0.283792 0.172031
0.283496 0.364603
0.503991 0.755898
0.814136 0.855038
0.549219 0.069770
0.187696 0.285120
0.805182 0.098666
0.060069 0.555157
0.067362 0.415367
0.160012 0.844879
0.189781 0.638008
0.315935 0.968091
0.148488 0.649709
0.798061 0.089199
0.795978 0.132148
0.559056 0.055489
0.611076 0.914745
0.932363 0.669199
0.625794 0.620797
0.792096 0.585904
0.242116 0.762006
0.252983 0.078709
0.016086 0.699805
0.908688 0.581315
0.945948 0.784031
0.029509 0.382587
0.626774 0.415485
0.757202 0.608326
0.846365 0.221941
0.271533 0.563962
0.321888 0.880814
0.788156 0.286790
0.699804 0.020137
0.569399 0.730666
0.614036 0.775345
0.507075 0.193797
0.951385 0.029099
0.849823 0.301871
0.862836 0.239921
0.578768 0.563515
0.150348 0.723540
0.304953 0.993892
0.050231 0.113633
0.845450 0.521604
0.951335 0.141106
0.145722 0.406721
0.896392 0.994197
0.128783 0.076749
0.330299 0.244753
0.675745 0.440845
0.080950 0.173764
0.773133 0.722389
0.786187 0.629202
0.693497 0.650952
0.754505 0.158462
0.427027 0.539392
0.970649 0.530290
0.108314 0.932926
0.493594 0.421403
0.559198 0.863751
0.705232 0.394612
0.261684 0.742520
0.759667 0.679983
0.986497 0.086006
0.896943 0.042558
0.222238 0.683563
0.284220 0.645789
0.305720 0.499773
0.582200 0.843806
0.034258 0.714779
0.188625 0.035929
0.318120 0.083146
0.246832 0.362296
0.041263 0.480156
0.429860 0.254921
0.553142 0.116647
0.873921 0.200420
0.502238 0.374854
0.729536 0.408971
0.550663 0.880329
0.885425 0.267957
0.371930 0.178137
0.390724 0.849589
0.593196 0.302524
0.240278 0.491326
0.416891 0.109449
0.120314 0.871930
0.148955 0.086747
0.292928 0.887604
0.636294 0.813166
0.987357 0.266474
0.920255 0.581965
0.997496 0.944557
0.226872 0.147033
0.635956 0.738418
0.466200 0.549203
0.684881 0.128112
0.855016 0.678266
0.736996 0.165674
0.272912 0.261909
0.643519 0.525093
0.435198 0.564557
0.293145 0.573697
0.785420 0.968541
0.334293 0.084573
0.269433 0.642690
0.113569 0.639206
0.530628 0.003313
0.541070 0.851181
0.242562 0.396801
0.427700 0.195274
0.368941 0.619445
0.636395 0.138650
0.964801 0.642794
0.010799 0.264774
0.656229 0.570924
0.894037 0.677709
0.075862 0.257269
0.925464 0.856325
0.300250 0.140064
0.910192 0.633726
0.498384 0.834170
0.975704 0.943361
0.962454 0.678942
0.381193 0.466146
0.352241 0.279107
0.256567 0.908767
0.097823 0.147489
0.665195 0.638172
0.685353 0.588712
0.061738 0.668395
0.945929 0.339591
0.506473 0.998561
0.346915 0.088824
0.516135 0.368040
0.194999 0.228600
0.923491 0.033153
0.321453 0.272250
0.817135 0.553134
0.494607 0.065213
0.835163 0.329030
0.768743 0.227723
0.104627 0.626395
0.940963 0.996712
0.866840 0.568145
0.259995 0.124090
0.659334 0.356090
0.014922 0.226900
0.541087 0.857165
0.217113 0.391632
0.707767 0.517561
0.631034 0.927594
0.046841 0.304504
0.137095 0.055232
0.142026 0.242897
0.836615 0.281918
0.453768 0.961514
0.263840 0.369986
0.365441 0.602779
0.948905 0.456851
0.181453 0.736067
0.211159 0.567032
0.507290 0.552522
0.312182 0.930396
0.415402 0.171125
0.163451 0.993594
0.841609 0.209216
0.501215 0.541581
0.787151 0.691238
0.097082 0.640763
0.417329 0.510400
0.473787 0.942461
0.054401 0.915987
0.933376 0.283184
0.398159 0.353288
0.318754 0.970384
0.996316 0.411796
0.418632 0.289433
0.459133 0.507390
0.129384 0.066813
0.957104 0.451922
0.714509 0.630429
0.458156 0.081542
0.924153 0.652325
0.175675 0.525729
0.575294 0.030711
0.395837 0.382578
0.365644 0.333246
0.149113 0.216410
0.621628 0.542121
0.136958 0.148340
0.330640 0.143677
0.496267 0.408766
0.070258 0.043148
0.014198 0.322929
0.104158 0.283455
0.679147 0.655631
0.759894 0.354217
0.072094 0.894808
0.936782 0.738506
0.606839 0.575427
0.694176 0.968362
0.902990 0.857211
0.568133 0.648611
0.933968 0.684017
0.601344 0.524597
0.674460 0.866077
0.571818 0.997185
0.148230 0.036065
0.708555 0.382263
0.444187 0.057210
0.924271 0.590816
0.838564 0.056814
0.431262 0.757146
0.453002 0.830240
0.703152 0.232184
0.932454 0.165484
0.589092 0.450910
0.188615 0.355047
0.407895 0.858747
0.341433 0.863069
0.789038 0.266979
0.036461 0.659213
0.848676 0.251467
0.345669 0.590107
0.546725 0.552955
0.815384 0.828325
0.234293 0.838049
0.531945 0.529896
0.632923 0.693669
0.561168 0.368523
0.001814 0.344387
0.645749 0.901706
0.724091 0.187019
0.628037 0.392199
0.296213 0.247949
0.107445 0.963530
0.187245 0.754419
0.143299 0.729084
0.370835 0.593888
0.857558 0.627502
0.220661 0.694765
0.723229 0.732964
0.054216 0.752851
0.838544 0.235617
0.647651 0.390448
0.615295 0.024616
0.855709 0.970166
0.155223 0.454285
0.317049 0.749920
0.348872 0.894491
0.059263 0.603590
0.443747 0.057630
0.357883 0.976083
0.448459 0.425517
0.352265 0.828261
0.571539 0.221947
0.336343 0.332203
0.773914 0.961156
0.279347 0.105071
0.865669 0.326920
0.325958 0.168714
0.771774 0.244231
0.945616 0.823772
0.929880 0.591849
0.404391 0.216972
0.141669 0.536743
0.553508 0.456061
0.722790 0.182852
0.489454 0.430768
0.286578 0.375744
0.872996 0.763493
0.247954 0.846558
0.872993 0.199472
0.768297 0.840663
0.598184 0.993437
0.770048 0.036470
0.968262 0.239560
0.145333 0.824586
0.691972 0.598048
0.757614 0.469487
0.755866 0.020746
0.450951 0.648727
0.363158 0.483760
0.355454 0.489714
0.321780 0.924306
0.885498 0.375176
0.262919 0.995325
0.774925 0.346632
0.781641 0.685149
0.608640 0.374897
0.454091 0.532120
0.454137 0.871808
0.749110 0.356342
0.786843 0.500675
0.529096 0.882487
0.171002 0.075131
0.229521 0.256874
0.471773 0.018916
0.060127 0.364678
0.717786 0.372101
0.440554 0.357670
0.492627 0.092547
0.047370 0.403442
0.498011 0.830830
0.632330 0.484816
0.530877 0.559244
0.277610 0.544097
0.221871 0.212074
0.266549 0.258722
0.402670 0.561446
0.709712 0.942369
0.076816 0.119076
0.605712 0.657633
0.008894 0.744659
0.636356 0.913562
0.831741 0.653466
0.646061 0.917325
0.215866 0.244567
0.082204 0.158301
0.934320 0.748613
0.114454 0.092852
0.820792 0.209033
0.017736 0.432884
0.012402 0.670233
0.486338 0.868436
0.433088 0.615762
0.336853 0.658332
0.335783 0.687837
0.765880 0.103030
0.671280 0.529520
0.165416 0.881274
0.127860 0.452948
0.473143 0.683042
0.960291 0.192695
0.750941 0.481580
0.736343 0.677340
0.693754 0.641111
0.114519 0.900464
0.248535 0.098827
0.208447 0.040867
0.327806 0.898260
0.348280 0.736146
0.899725 0.628993
0.582189 0.921105
0.184497 0.567010
0.195622 0.854785
0.698749 0.640414
0.100510 0.189001
0.393169 0.788325
0.806343 0.706923
0.236151 0.093700
0.950214 0.485001
0.712940 0.891451
0.757462 0.697930
0.966160 0.878158
0.551633 0.608674
0.788855 0.256760
0.194730 0.899893
0.656383 0.377389
0.672930 0.799796
0.299499 0.719342
0.163714 0.162067
0.553364 0.030705
0.667447 0.519090
0.414381 0.972277
0.441646 0.939327
0.366254 0.906846
0.846428 0.886053
0.504744 0.628126
0.871603 0.362017
0.364704 0.330166
0.048880 0.436897
0.979343 0.451725
0.929557 0.531514
0.629523 0.183051
0.082424 0.317390
0.122650 0.935190
0.896834 0.818393
0.218848 0.644598
0.581991 0.990137
0.746795 0.088380
0.904711 0.524363
0.600809 0.414794
0.569769 0.208237
0.916461 0.745148
0.462443 0.009864
0.220778 0.993618
0.090442 0.156449
0.395131 0.828586
0.343743 0.890779
0.330414 0.456270
0.588851 0.957732
0.794608 0.303703
0.493479 0.609757
0.500595 0.185875
0.960091 0.116755
0.844718 0.525975
0.043260 0.603049
0.918248 0.615930
0.798480 0.943284
0.033412 0.992301
0.915440 0.979153
0.163219 0.416817
0.777805 0.286077
0.983515 0.872265
0.596656 0.386427
0.498445 0.407584
0.947656 0.403151
0.673547 0.377567
0.108298 0.824203
0.355334 0.129020
0.767960 0.393180
0.075370 0.713595
0.121743 0.756924
0.230582 0.014173
0.356104 0.897772
0.483443 0.200826
0.507843 0.816922
0.948731 0.860729
0.080493 0.234155
0.701756 0.114115
0.630329 0.662259
0.263465 0.915016
0.214805 0.305322
0.577150 0.609633
0.624790 0.812561
0.885466 0.100282
0.013319 0.749905
0.098569 0.553356
0.132334 0.536980
0.855055 0.164712
0.563845 0.061249
0.290125 0.825232
0.438506 0.732737
0.360411 0.045673
0.012945 0.557437
0.658515 0.656585
0.280208 0.374555
0.226803 0.777117
0.116675 0.728861
0.189833 0.039701
0.628451 0.713554
0.147387 0.616560
0.933108 0.741044
0.433327 0.919607
0.509132 0.263568
0.132793 0.151016
0.424069 0.814828
0.050297 0.423954
0.646812 0.425679
0.854556 0.820324
0.601065 0.033367
0.856795 0.973263
0.254664 0.899739
0.740628 0.665672
0.821991 0.077625
0.989176 0.766579
0.906306 0.116020
0.531750 0.737999
0.422287 0.020933
0.655304 0.770410
0.465011 0.540106
0.783101 0.286243
0.131602 0.378877
0.679790 0.508749
0.471588 0.063061
0.786857 0.425932
0.772310 0.413120
0.161512 0.306589
0.765167 0.385166
0.226476 0.017212
0.053587 0.532475
0.476177 0.365777
0.980418 0.342761
0.092776 0.590564
0.310659 0.216970
0.271207 0.408582
0.213347 0.096058
0.140933 0.488672
0.395545 0.502307
0.100486 0.973612
0.165564 0.322015
0.199139 0.384059
0.907678 0.992758
0.615133 0.471082
0.749955 0.726441
0.285393 0.504758
0.432338 0.395417
0.545770 0.144592
0.052165 0.320350
0.728675 0.918725
0.878677 0.345611
0.408441 0.872856
0.222571 0.740202
0.832815 0.297297
0.991401 0.604736
0.798476 0.323481
0.781823 0.988077
0.285169 0.360415
0.252275 0.054754
0.659453 0.022248
0.148570 0.073768
0.484303 0.322270
0.821048 0.577945
0.355900 0.734400
0.677600 0.182327
0.846974 0.945571
0.452507 0.094525
0.648513 0.878116
0.801519 0.518891
0.392865 0.702652
0.879180 0.612009
0.296223 0.228002
0.051803 0.984600
0.630008 0.637012
0.838475 0.123261
0.158539 0.461561
0.044278 0.408931
0.426266 0.199654
0.567515 0.978741
0.154076 0.141841
0.741334 0.225962
0.119886 0.327159
0.533817 0.040752
0.510007 0.741153
0.459004 0.317201
0.646418 0.498483
0.075979 0.449631
0.306800 0.634811
0.290696 0.452700
0.528420 0.285999
0.184512 0.837486
0.057517 0.314909
0.270989 0.236809
0.647508 0.191230
0.832808 0.521859
0.847584 0.132649
0.009252 0.434194
0.445345 0.078230
0.001075 0.005688
0.954769 0.308901
0.290010 0.059340
0.624151 0.360402
0.044027 0.108742
0.508388 0.585178
0.153482 0.278794
0.961885 0.410572
0.800397 0.438609
0.972168 0.695856
0.848147 0.770556
0.568519 0.757731
0.470571 0.977877
0.657542 0.713688
0.530221 0.668691
0.130302 0.132040
0.410378 0.810812
0.318184 0.300521
0.421272 0.193679
0.422292 0.234821
0.318577 0.869636
0.792620 0.307811
0.568410 0.443122
0.272244 0.332260
0.227805 0.458817
0.994778 0.256255
0.820446 0.638309
0.790587 0.421083
0.617520 0.479895
0.672472 0.266842
0.674684 0.110295
0.757594 0.364286
0.280774 0.717074
0.643169 0.946429
0.761245 0.833471
0.807627 0.145921
0.126760 0.970284
0.150920 0.012802
0.738295 0.257738
0.094554 0.198121
0.808169 0.470190
0.982276 0.707022
0.817455 0.884785
0.634429 0.551488
0.364812 0.555583
0.223287 0.209607
0.931105 0.186077
0.019698 0.400436
0.130751 0.437880
0.738911 0.491584
0.149519 0.361382
0.361327 0.724226
0.781788 0.564889
0.580266 0.279123
0.010288 0.271653
0.830376 0.593709
0.431231 0.715323
0.888856 0.066230
0.240206 0.902582
0.822084 0.541955
0.020559 0.202143
0.798743 0.544574
0.499234 0.020395
0.581589 0.973287
0.948329 0.747339
0.354873 0.367351
0.251034 0.108581
0.782385 0.796565
0.096671 0.396721
0.834063 0.021128
0.563325 0.067864
0.000702 0.572505
0.758964 0.049694
0.035834 0.749987
0.371691 0.285100
0.774472 0.073155
0.443511 0.440721
0.860369 0.246792
0.800787 0.603478
0.045066 0.975224
0.841904 0.369932
0.722367 0.854737
0.171252 0.123615
0.822619 0.580789
0.454897 0.800886
0.238328 0.447142
0.946860 0.749087
0.057656 0.314896
0.601868 0.151703
0.416877 0.988881
0.916261 0.155924
0.082298 0.036200
0.548158 0.989205
0.823215 0.127088
0.294815 0.008779
0.311754 0.009110
0.900788 0.433284
0.147527 0.241480
0.930229 0.872449
0.165643 0.924272
0.920703 0.131256
0.581164 0.809546
0.142841 0.836924
0.143498 0.475502
0.572024 0.999549
0.514522 0.355176
0.656976 0.440095
0.064134 0.602025
0.633688 0.826651
0.853446 0.706949
0.173695 0.519034
0.752699 0.793943
0.262120 0.586119
0.643471 0.679618
0.954208 0.066678
0.522341 0.076410
0.198701 0.221159
0.642006 0.245542
0.135436 0.879370
0.746204 0.355953
0.687706 0.052217
0.125021 0.186205
0.912139 0.198143
0.318562 0.734233
0.186555 0.986052
0.129976 0.772162
0.815682 0.892890
0.241099 0.406412
0.250846 0.996137
0.765699 0.112151
0.077593 0.301082
0.427049 0.264548
0.701527 0.866562
0.778621 0.454971
0.292424 0.432338
0.600122 0.291512
0.456428 0.661019
0.395425 0.024820
0.926686 0.229027
0.662447 0.941965
0.335206 0.250423
0.926165 0.054580
0.543342 0.218929
0.159954 0.256946
0.617363 0.746912
0.686869 0.827461
0.604027 0.618216
0.671455 0.663439
0.328065 0.463157
0.899114 0.455154
0.830376 0.677808
0.114000 0.538816
0.383805 0.631789
0.752243 0.115078
0.124482 0.517205
0.341025 0.482321
0.426983 0.703547
0.373027 0.967842
0.197446 0.823435
0.947045 0.618476
0.443999 0.457294
0.578824 0.356165
0.819871 0.095759
0.674916 0.360717
0.448337 0.147639
0.135014 0.385461
0.347400 0.414319
0.300168 0.536804
0.271224 0.302361
0.123214 0.434085
0.353245 0.069759
0.958003 0.179606
0.499717 0.151246
0.724183 0.754206
0.916353 0.428943
0.872452 0.218621
0.941354 0.681279
0.241375 0.304460
0.881129 0.411266
0.080691 0.878333
0.107218 0.618010
0.800693 0.305983
0.811956 0.727461
0.589827 0.242758
0.779479 0.493635
0.756690 0.805646
0.778549 0.840913
0.698897 0.319795
0.914221 0.969870
0.390752 0.911915
0.276752 0.401927
0.324158 0.651635
0.703101 0.778458
0.359570 0.094962
0.066702 0.981111
0.241375 0.519814
0.933112 0.809290
0.865508 0.570261
0.380848 0.780763
0.373161 0.224386
0.795762 0.453586
0.704460 0.951013
0.385559 0.150445
0.535628 0.965008
0.818491 0.201462
0.825055 0.241258
0.528785 0.705354
0.303471 0.151381
0.125439 0.590036
0.217525 0.972246
0.704005 0.161265
0.545247 0.377793
0.893050 0.804650
0.869971 0.145414
0.329627 0.751270
0.606411 0.318586
0.882289 0.414954
0.141581 0.744652
0.939852 0.467913
0.647951 0.898936
0.224369 0.410569
0.209434 0.521530
0.393636 0.275021
0.260511 0.023618
0.245806 0.446164
0.816176 0.341196
0.012468 0.514385
0.040134 0.118640
0.557299 0.619951
0.814583 0.428957
0.050561 0.977088
0.346830 0.618211
0.787344 0.855723
0.975027 0.623724
0.027086 0.383522
0.649292 0.441585
0.900503 0.301901
0.486807 0.208064
0.263557 0.486794
0.447238 0.519899
0.257012 0.218555
0.544156 0.355069
0.530481 0.585782
0.576740 0.470403
0.242479 0.754666
0.542541 0.839061
0.723565 0.010175
0.801880 0.597163
0.998810 0.617885
0.804544 0.986144
0.661116 0.619442
0.485310 0.723306
0.771906 0.434946
0.930357 0.104440
0.440816 0.069784
0.425527 0.451957
0.431495 0.997429
0.946081 0.900894
0.396768 0.252934
0.606137 0.423248
0.617462 0.787271
0.263644 0.002894
0.597715 0.374744
0.581325 0.779937
0.516006 0.306577
0.451967 0.373563
0.267673 0.891035
0.083082 0.433743
0.555151 0.507529
0.146159 0.801299
0.516152 0.301695
0.897576 0.511786
0.036987 0.325204
0.161951 0.160241
0.834462 0.534677
0.044930 0.683999
0.813844 0.513505
0.394829 0.934609
0.160766 0.561718
0.955534 0.542873
0.131579 0.279258
0.555141 0.903363
0.716232 0.804630
0.601041 0.246504
0.044537 0.779120
0.163737 0.491234
0.056899 0.695931
0.845588 0.741192
0.787228 0.948099
0.340876 0.167551
0.582225 0.188494
0.931328 0.126872
0.587490 0.424012
0.412382 0.019505
0.137640 0.841813
0.436318 0.300619
0.544309 0.439739
0.560875 0.637655
0.619480 0.568421
0.747573 0.753140
0.525689 0.773956
0.018668 0.100625
0.834052 0.762815
0.102035 0.205622
0.433056 0.159204
0.664123 0.361335
0.273739 0.307524
0.992033 0.626231
0.090134 0.645422
0.382494 0.894306
0.478833 0.793688
0.567758 0.343871
0.625095 0.383027
0.080145 0.439967
0.326138 0.898430
0.892376 0.284197
0.725353 0.825876
0.550278 0.526785
0.532311 0.005012
0.402383 0.126726
0.477384 0.926923
0.350755 0.072682
0.725487 0.681996
0.105224 0.531535
0.470519 0.751914
0.825698 0.328379
0.835794 0.409730
0.145067 0.504698
0.776321 0.187399
0.773482 0.565017
0.979610 0.758047
0.781536 0.996265
0.384410 0.183896
0.372416 0.878457
0.099840 0.199628
0.968998 0.274884
0.914066 0.196333
0.285601 0.310741
0.500013 0.268535
0.335543 0.292568
0.013001 0.390361
0.248017 0.004555
0.224945 0.639197
0.729811 0.380947
0.546677 0.751567
0.228385 0.647346
0.326184 0.312312
0.940460 0.692351
0.864456 0.102360
0.015293 0.748215
0.703423 0.598603
0.034777 0.904573
0.266107 0.521196
0.210028 0.177223
0.445398 0.616084
0.755206 0.249308
0.251778 0.863510
0.305648 0.793189
0.680609 0.507673
0.894982 0.394998
0.419218 0.827801
0.195638 0.811069
0.261028 0.700874
0.655720 0.202383
0.752163 0.727043
0.307748 0.874567
0.206588 0.046509
0.364713 0.914993
0.739068 0.688716
0.818762 0.043064
0.102651 0.305883
0.507412 0.582389
0.992330 0.074550
0.845578 0.132182
0.406797 0.123544
0.137771 0.630606
0.979750 0.543526
0.269755 0.308829
0.964875 0.288722
0.940231 0.655870
0.012854 0.950376
0.760731 0.888733
0.003131 0.953617
0.793183 0.059547
0.776094 0.716871
0.234026 0.508038
0.283070 0.492674
0.225827 0.167446
0.604435 0.721277
0.272263 0.751389
0.068139 0.527323
0.227439 0.402106
0.946152 0.794892
0.736707 0.350634
0.698025 0.706657
0.388735 0.379442
0.399441 0.175880
0.185766 0.251150
0.577354 0.968547
0.718230 0.855227
0.983927 0.387456
0.230597 0.654020
0.332166 0.700435
0.022305 0.723124
0.935713 0.517575
0.696872 0.996426
0.467642 0.022211
0.672938 0.551641
0.738349 0.691275
0.413738 0.450027
0.329030 0.715658
0.339501 0.761066
0.435590 0.423405
0.449893 0.311346
0.427016 0.477634
0.167419 0.889377
0.120132 0.262371
0.637404 0.811120
0.500492 0.764510
0.071055 0.400884
0.453156 0.217948
0.375499 0.774623
0.964306 0.226392
0.072120 0.381924
0.567300 0.777361
0.467479 0.385127
0.934884 0.928499
0.444001 0.309910
0.307972 0.664360
0.195030 0.356101
0.503407 0.054389
0.674327 0.518581
0.725511 0.006215
0.783640 0.759221
0.583532 0.146405
0.241618 0.289690
0.662754 0.827272
0.762234 0.607744
0.797808 0.287693
0.072991 0.702089
0.196806 0.339950
0.564893 0.283239
0.103930 0.069687
0.790359 0.196909
0.846939 0.587064
0.815606 0.307467
0.079364 0.806995
0.679572 0.617118
0.028362 0.510187
0.128279 0.329613
0.800966 0.445778
0.069042 0.338383
0.573630 0.428272
0.361928 0.943335
0.867354 0.721906
0.880431 0.838975
0.145763 0.562883
0.486316 0.157030
0.391805 0.131811
0.036534 0.867106
0.894361 0.600649
0.138695 0.642918
0.557824 0.308912
0.872634 0.682557
0.864792 0.026285
0.605632 0.531943
0.946037 0.102821
0.797566 0.023814
0.559770 0.989282
0.295102 0.639684
0.443133 0.672905
0.556346 0.111038
0.249458 0.027275
0.393322 0.573904
0.487091 0.073278
0.085349 0.823252
0.362795 0.593271
0.970846 0.073244
0.829074 0.190799
0.504174 0.338613
0.672946 0.984624
0.634590 0.345058
0.772175 0.480908
0.481797 0.498482
0.308073 0.675454
0.851174 0.053665
0.100055 0.437271
0.306553 0.011404
0.376637 0.256330
0.164990 0.688816
0.144162 0.827660
0.972482 0.373320
0.095349 0.007812
0.116060 0.571405
0.094834 0.606043
0.278761 0.574829
0.671130 0.360072
0.100522 0.265353
0.072390 0.786389
0.470564 0.834735
0.428820 0.520117
0.406099 0.445999
0.157962 0.349694
0.255986 0.618071
0.755718 0.720047
0.277297 0.476157
0.493747 0.393385
0.535654 0.821832
0.740537 0.555478
0.682615 0.548947
0.326419 0.263653
0.956481 0.587989
0.958130 0.503972
0.578908 0.618535
0.820909 0.758724
0.715316 0.753599
0.710740 0.714749
0.052339 0.787224
0.719128 0.389841
0.580344 0.841946
0.893283 0.445946
0.421442 0.349433
0.587982 0.081422
0.745091 0.608266
0.207939 0.648062
0.817097 0.334309
0.051470 0.257470
0.220533 0.683109
0.960477 0.546054
0.494322 0.997803
0.365915 0.489336
0.836593 0.439908
0.891184 0.490127
0.202869 0.268408
0.146161 0.344075
0.507019 0.885309
0.767941 0.022923
0.392177 0.993894
0.758400 0.300144
0.291121 0.674776
0.055961 0.202640
0.570197 0.367045
0.885631 0.374349
0.707291 0.789586
0.574966 0.157971
0.458099 0.251536
0.504567 0.332996
0.870407 0.614799
0.247654 0.176302
0.266281 0.931743
0.671012 0.443810
0.980311 0.307966
0.969685 0.465422
0.762053 0.742549
0.725902 0.830339
0.173096 0.731114
0.776852 0.188194
0.639271 0.055346
0.636963 0.972136
0.224096 0.896158
0.468463 0.753446
0.940256 0.494637
0.713832 0.063644
0.622700 0.128386
0.684032 0.013067
0.381377 0.435822
0.303877 0.265638
0.379098 0.540336
0.282684 0.416111
0.258064 0.684447
0.653687 0.771631
0.428828 0.545762
0.666137 0.729888
0.208101 0.786665
0.863492 0.111684
0.759163 0.955511
0.403075 0.583698
0.567905 0.539214
0.578290 0.412704
0.406547 0.029850
0.039924 0.149926
0.344918 0.520377
0.184584 0.742605
0.153991 0.191682
0.048583 0.943909
0.454617 0.909032
0.776643 0.315271
0.260106 0.741661
0.034483 0.239083
0.263532 0.362748
0.724581 0.824391
0.299150 0.512335
0.833395 0.961199
0.973722 0.299117
0.127962 0.771740
0.881668 0.712936
0.862296 0.494170
0.138977 0.336509
0.697311 0.789269
0.589240 0.482241
0.189295 0.541749
0.190725 0.201823
0.132055 0.287764
0.087540 0.226452
0.965681 0.612323
0.243478 0.918361
0.384577 0.684686
0.976487 0.932745
0.496849 0.592065
0.254273 0.625433
0.054779 0.712686
0.154992 0.057457
0.552596 0.503563
0.031394 0.598656
0.337428 0.450144
0.059304 0.525734
0.659590 0.028144
0.546366 0.218932
0.722070 0.254896
0.944977 0.839707
0.523166 0.083188
0.177364 0.922057
0.301197 0.219591
0.705493 0.739087
0.408007 0.522372
0.748662 0.714947
0.237909 0.409505
0.845478 0.942309
0.633641 0.873581
0.346160 0.707766
0.103697 0.233726
0.404970 0.787810
0.222696 0.742857
0.487601 0.970882
0.103615 0.012505
0.773960 0.636519
0.133755 0.021516
0.127061 0.519423
0.490800 0.735997
0.606526 0.491402
0.565772 0.912843
0.947747 0.436268
0.375844 0.353110
0.389541 0.831712
0.970636 0.916749
0.218393 0.286989
0.339146 0.459796
0.208868 0.637565
0.874054 0.306506
0.656561 0.635090
0.906236 0.180995
0.803398 0.924256
0.005364 0.981205
0.817558 0.185625
0.876268 0.926674
0.626808 0.724774
0.782137 0.142795
0.014275 0.150264
0.536472 0.980970
0.867888 0.932939
0.423550 0.957068
0.853888 0.104251
0.261229 0.344719
0.004490 0.056693
0.694773 0.982512
0.809789 0.743259
0.132940 0.185105
0.585912 0.787926
0.317791 0.071899
0.344402 0.831742
0.593330 0.986384
0.129509 0.629815
0.918906 0.151765
0.799291 0.928476
0.629163 0.691025
0.654868 0.147899
0.717695 0.492249
0.885631 0.147452
0.690900 0.007490
0.650357 0.020510
0.058688 0.537394
0.613529 0.702705
0.667209 0.744858
0.609854 0.467353
0.909143 0.530117
0.463777 0.204639
0.620061 0.816187
0.991549 0.856269
0.443957 0.106016
0.037145 0.641461
0.857206 0.038644
0.299721 0.595166
0.817409 0.299128
0.790226 0.488089
0.846912 0.589801
0.229611 0.222203
0.453909 0.967580
0.009620 0.675302
0.188821 0.789559
0.341095 0.826917
0.641610 0.224801
0.140295 0.135795
0.971562 0.911869
0.008631 0.727542
0.467811 0.089819
0.198801 0.993472
0.623402 0.538850
0.320786 0.765883
0.787095 0.114595
0.363213 0.350983
0.570877 0.459015
0.047256 0.182281
0.753442 0.113663
0.795907 0.682298
0.257134 0.601746
0.361902 0.815705
0.089207 0.692806
0.797466 0.543709
0.342238 0.441360
0.002949 0.764676
0.467994 0.137997
0.147485 0.343386
0.075735 0.384615
0.305283 0.232736
0.804990 0.168615
0.595004 0.325682
0.544629 0.232408
0.885782 0.140718
0.074571 0.166415
0.780744 0.665502
0.175431 0.740666
0.876577 0.729231
0.694679 0.705918
0.904163 0.608026
0.029097 0.650326
0.510930 0.824367
0.604976 0.065093
0.316353 0.500870
0.937544 0.243102
0.462913 0.259126
0.483563 0.281390
0.152272 0.029678
0.094472 0.707359
0.824204 0.777005
0.915503 0.287914
0.930374 0.840616
0.392692 0.202005
0.939298 0.959991
0.044014 0.361095
0.715636 0.695585
0.108770 0.233862
0.150434 0.045318
0.780523 0.264604
0.962316 0.140073
0.139850 0.815192
0.711595 0.565358
0.942778 0.020452
0.168872 0.452768
0.542794 0.059203
0.984642 0.552835
0.302281 0.631850
0.936657 0.799368
0.379299 0.198757
0.339261 0.963746
0.828488 0.590796
0.197601 0.913744
0.416196 0.179760
0.879210 0.001981
0.495067 0.011270
0.021171 0.720425
0.431326 0.112160
0.610531 0.699549
0.828981 0.921871
0.691377 0.629195
0.354300 0.471175
0.339793 0.421960
0.423153 0.404841
0.848191 0.799186
0.392373 0.269938
0.557190 0.895213
0.641207 0.881327
0.677770 0.682571
0.858136 0.178284
0.584632 0.182195
0.294486 0.758115
0.718591 0.888622
0.641086 0.369053
0.173664 0.239883
0.085520 0.949104
0.166746 0.850654
0.356705 0.321288
0.792623 0.643228
0.872688 0.411574
0.479807 0.229636
0.471847 0.319120
0.803940 0.293651
0.204282 0.675260
0.335993 0.583599
0.304661 0.915186
0.644605 0.217532
0.623258 0.999597
0.377766 0.153267
0.997174 0.481708
0.785678 0.941902
0.677766 0.016839
0.628661 0.501518
0.290478 0.427330
0.337086 0.071999
0.724820 0.078890
0.099176 0.293950
0.395329 0.595045
0.487002 0.862712
0.945149 0.129015
0.119942 0.223781
0.206898 0.827850
0.091512 0.248007
0.339824 0.864934
0.899074 0.632142
0.467484 0.493061
0.005580 0.482165
0.613269 0.821964
0.117321 0.791443
0.850487 0.274238
0.555468 0.345328
0.342377 0.075354
0.350329 0.221167
0.573449 0.974052
0.591243 0.464437
0.212495 0.701018
0.469481 0.599869
0.181106 0.937244
0.167264 0.764790
0.391300 0.140972
0.826337 0.440158
0.528723 0.184632
0.148169 0.690308
0.870924 0.021764
0.849604 0.351954
0.366313 0.766064
0.413432 0.107690
0.166849 0.671969
0.310594 0.817673
0.296538 0.652262
0.650264 0.296263
0.842762 0.181788
0.280125 0.885839
0.963681 0.005742
0.694504 0.090206
0.403667 0.624042
0.485542 0.786377
0.272662 0.615841
0.012763 0.085012
0.652128 0.644136
0.379222 0.344996
0.013148 0.015828
0.249603 0.982075
0.228487 0.112211
0.663009 0.790448
0.611253 0.839617
0.994348 0.915700
0.435879 0.002321
0.427441 0.763331
0.335720 0.765778
0.516531 0.586314
0.721343 0.753060
0.080873 0.202723
0.839758 0.609696
0.825423 0.419889
0.250658 0.030238
0.692723 0.988041
0.712995 0.572629
0.722705 0.965158
0.581538 0.271849
0.158483 0.258991
0.523495 0.136966
0.227873 0.737593
0.265318 0.973028
0.102881 0.735369
0.780728 0.538455
0.432361 0.377777
0.084055 0.427257
0.104602 0.889974
0.327700 0.531798
0.577985 0.460130
0.455464 0.374337
0.855527 0.924926
0.569995 0.442822
0.154812 0.219888
0.449259 0.763925
0.739392 0.482694
0.141935 0.452171
0.960105 0.645781
0.917307 0.602214
0.106840 0.594290
0.740565 0.293260
0.966223 0.849357
0.104462 0.987017
0.731341 0.394306
0.488920 0.784356
0.393113 0.534681
0.580856 0.978779
0.088343 0.061716
0.875793 0.108150
0.410326 0.945967
0.500592 0.240525
0.367559 0.354890
0.009854 0.572033
0.386324 0.826470
0.752092 0.171854
0.879354 0.011005
0.943446 0.800677
0.239810 0.230997
0.820789 0.356982
0.714088 0.465061
0.489279 0.942657
0.808874 0.106416
0.762288 0.206085
0.395477 0.523104
0.871637 0.306672
0.443220 0.181771
0.573190 0.299256
0.954939 0.195259
0.881010 0.654049
0.093132 0.040217
0.009948 0.236495
0.246040 0.526789
0.681653 0.585645
0.063723 0.316511
0.828200 0.088581
0.955499 0.889213
0.741375 0.120253
0.958948 0.711452
0.687564 0.032830
0.035642 0.476053
0.323235 0.548204
0.306771 0.746584
0.364982 0.726734
0.407076 0.475242
0.088206 0.661661
0.647855 0.168486
0.723507 0.350756
0.007256 0.245509
0.239515 0.681505
0.180509 0.659670
0.461429 0.134076
0.549903 0.624978
0.607474 0.291335
0.667536 0.309562
0.812865 0.218841
0.324033 0.819227
0.888740 0.349870
0.387973 0.996281
0.799790 0.093178
0.447534 0.796962
0.014906 0.041339
0.917063 0.939109
0.696407 0.555139
0.270751 0.362389
0.641701 0.510948
0.781865 0.937916
0.457791 0.870733
0.933090 0.123523
0.437000 0.323668
0.254832 0.714519
0.185341 0.250578
0.595309 0.931473
0.646281 0.520188
0.835784 0.585374
0.131333 0.818169
0.690554 0.982763
0.210437 0.025451
0.731520 0.750888
0.631973 0.923562
0.304927 0.771185
0.280750 0.070664
0.441422 0.635849
0.871672 0.289256
0.483713 0.527004
0.944326 0.131810
0.735206 0.671955
0.702324 0.360325
0.436483 0.088608
0.070847 0.943007
0.889071 0.072513
0.773515 0.795482
0.101533 0.390372
0.175219 0.228082
0.898726 0.764445
0.846180 0.177782
0.393449 0.594455
0.381840 0.765117
0.634128 0.993406
0.924184 0.204584
0.006917 0.279086
0.304511 0.932248
0.831193 0.573582
0.870632 0.809334
0.619772 0.044935
0.645593 0.846474
0.443764 0.680698
0.095785 0.842495
0.395152 0.817955
0.398919 0.610881
0.260325 0.616852
0.102983 0.512374
0.825370 0.802119
0.874221 0.743272
0.833107 0.404657
0.576957 0.620636
0.958626 0.230216
0.269383 0.653822
0.549853 0.110168
0.853366 0.262194
0.241984 0.009488
0.124105 0.078423
0.259805 0.687289
0.259715 0.113140
0.308755 0.909620
0.694538 0.593266
0.255102 0.568995
0.107149 0.288058
0.054752 0.258840
0.410313 0.010220
0.253026 0.277870
0.042302 0.688430
0.592318 0.224758
0.380164 0.040949
0.629472 0.852621
0.440440 0.179654
0.390292 0.096047
0.819725 0.687768
0.247484 0.925252
0.582089 0.225894
0.828043 0.875467
0.003407 0.355988
0.023962 0.684858
0.520334 0.930864
0.336813 0.790346
0.337454 0.875323
0.413986 0.513093
0.523874 0.832019
0.788794 0.674894
0.327885 0.464430
0.929315 0.313547
0.464995 0.204346
0.753029 0.342433
0.444506 0.711509
0.948422 0.776254
0.690028 0.920059
0.892889 0.376649
0.530420 0.703009
0.025733 0.988169
0.779623 0.691999
0.836878 0.894101
0.459090 0.017880
0.095613 0.640617
0.149946 0.930750
0.331034 0.910855
0.465862 0.611093
0.345848 0.905541
0.126493 0.316527
0.306291 0.781242
0.617929 0.783116
0.412599 0.183377
0.461012 0.673218
0.702800 0.423914
0.671119 0.273110
0.597796 0.871010
0.314677 0.360114
0.804426 0.871523
0.597457 0.548455
0.975235 0.863157
0.079568 0.632049
0.972279 0.574757
0.445476 0.054045
0.711316 0.391801
0.031169 0.090360
0.838142 0.992423
0.417635 0.807576
0.017793 0.400508
0.252674 0.573578
0.074365 0.692980
0.413280 0.664350
0.347898 0.810574
0.585712 0.995488
0.245399 0.517709
0.709189 0.701938
0.252904 0.724966
0.632928 0.475903
0.220148 0.037380
0.499073 0.324365
0.058619 0.214511
0.370944 0.054894
0.011464 0.736322
0.726163 0.768103
0.366772 0.862258
0.884876 0.917397
0.232217 0.149832
0.065687 0.488324
0.027647 0.561821
0.727493 0.862610
0.422910 0.289543
0.601294 0.301824
0.409107 0.472143
0.262759 0.563683
0.075370 0.950664
0.967236 0.401375
0.877815 0.941165
0.750633 0.019060
0.426406 0.703588
0.809211 0.734792
0.824248 0.399420
0.815680 0.981291
0.185831 0.614078
0.092180 0.263905
0.182633 0.062729
0.091281 0.640048
0.504296 0.127960
0.864881 0.324751
0.811455 0.470522
0.455550 0.447456
0.663252 0.256525
0.896318 0.351717
0.253870 0.354825
0.289244 0.458320
0.296124 0.569228
0.126337 0.514268
0.501799 0.612916
0.125425 0.621149
0.486467 0.066977
0.784298 0.070590
0.588342 0.592966
0.916986 0.976436
0.229977 0.790098
0.195484 0.387031
0.537517 0.948051
0.068197 0.894228
0.708924 0.702214
0.500079 0.573880
0.804536 0.250565
0.785807 0.786704
0.005281 0.370336
0.732058 0.118241
0.531679 0.987627
0.097481 0.676100
0.971356 0.853494
0.174887 0.541423
0.211557 0.285216
0.772444 0.867138
0.605858 0.304796
0.773886 0.217872
0.846956 0.829895
