1400
0.164504 0.563405
0.492346 0.686471
0.681390 0.019158
0.767715 0.399721
0.004489 0.370618
0.278528 0.309382
0.025358 0.239180
0.418261 0.994295
0.909787 0.732211
0.445927 0.245615
0.687791 0.436317
0.001057 0.724426
0.900613 0.103627
0.903950 0.100464
0.680786 0.256792
0.383602 0.033813
0.615991 0.122403
0.766684 0.695953
0.261175 0.802046
0.155120 0.874093
0.162500 0.867099
0.139214 0.109053
0.766519 0.732291
0.109383 0.778215
0.454628 0.550387
0.398704 0.951856
0.331938 0.340407
0.396470 0.028240
0.815580 0.477690
0.646433 0.433920
0.884341 0.140765
0.575093 0.636371
0.272438 0.100565
0.694422 0.431487
0.099059 0.431802
0.258302 0.185276
0.189400 0.572121
0.810830 0.376573
0.719613 0.461961
0.913852 0.235758
0.222120 0.127584
0.510206 0.101947
0.233977 0.349514
0.256881 0.057453
0.222012 0.322753
0.731558 0.241317
0.239201 0.770858
0.008368 0.901419
0.197477 0.290346
0.096635 0.926751
0.615478 0.591041
0.850176 0.144750
0.059850 0.088548
0.021215 0.591111
0.562694 0.164616
0.264852 0.035506
0.685996 0.491319
0.101846 0.779474
0.112726 0.902758
0.803208 0.338167
0.317642 0.110828
0.401374 0.765114
0.809299 0.980206
0.074249 0.663429
0.102937 0.604215
0.364075 0.322060
0.191927 0.342257
0.065794 0.000415
0.946284 0.664902
0.458621 0.275604
0.490755 0.735611
0.742023 0.485053
0.129406 0.271014
0.075036 0.398809
0.826646 0.709815
0.792047 0.522723
0.646604 0.500559
0.319239 0.237763
0.665185 0.596756
0.339581 0.850954
0.099697 0.879865
0.938389 0.430992
0.514398 0.451770
0.629056 0.756169
0.607517 0.780791
0.012687 0.165786
0.031840 0.266165
0.929230 0.029875
0.195983 0.299192
0.831246 0.619837
0.429277 0.556263
0.900675 0.839095
0.443359 0.042981
0.754575 0.142205
0.765781 0.459794
0.005698 0.322721
0.124490 0.758729
0.646364 0.882031
0.372075 0.054208
0.869521 0.254933
0.543545 0.002873
0.913306 0.715542
0.921757 0.839755
0.562231 0.869982
0.319069 0.026469
0.140011 0.334765
0.108217 0.446740
0.606481 0.447236
0.154728 0.405268
0.134301 0.971242
0.278701 0.879318
0.800015 0.801726
0.201437 0.077902
0.545018 0.853308
0.023886 0.960281
0.150889 0.210471
0.063876 0.220416
0.116783 0.193557
0.036449 0.726882
0.931077 0.722360
0.629349 0.537886
0.421679 0.198420
0.143559 0.426913
0.330851 0.678731
0.688234 0.754366
0.901021 0.458999
0.144159 0.805529
0.379659 0.080862
0.475791 0.601831
0.446746 0.185712
0.877092 0.368859
0.614646 0.947925
0.266026 0.514911
0.539962 0.381566
0.268242 0.819825
0.836842 0.468138
0.488576 0.799853
0.696077 0.764419
0.365137 0.699972
0.637485 0.577162
0.923560 0.652790
0.053381 0.141427
0.814212 0.810451
0.780879 0.481600
0.941929 0.476274
0.070118 0.409732
0.686292 0.823414
0.399228 0.439849
0.985069 0.848887
0.785268 0.225377
0.526539 0.820945
0.056053 0.198207
0.170737 0.044777
0.008619 0.990700
0.355906 0.951751
0.359718 0.448389
0.653686 0.524199
0.178692 0.019798
0.988849 0.825355
0.279420 0.972901
0.116402 0.118723
0.343386 0.215035
0.303673 0.384999
0.324852 0.399754
0.224190 0.438505
0.661158 0.017218
0.318364 0.808005
0.495986 0.288810
0.359509 0.630308
0.096332 0.867664
0.241819 0.570569
0.400394 0.756551
0.526184 0.286143
0.856989 0.365732
0.388434 0.542551
0.667668 0.834343
0.467587 0.780834
0.909677 0.661279
0.643528 0.000576
0.628752 0.399645
0.685986 0.646218
0.349936 0.975591
0.227398 0.318596
0.283009 0.753995
0.848896 0.136559
0.330428 0.825594
0.888577 0.824786
0.713086 0.843393
0.942846 0.455170
0.266619 0.655379
0.626189 0.729577
0.294825 0.895239
0.625027 0.002402
0.595838 0.701567
0.967321 0.303420
0.834003 0.328241
0.226327 0.970520
0.413216 0.643783
0.164583 0.388830
0.294690 0.986605
0.607929 0.244866
0.350336 0.915509
0.411523 0.751406
0.563361 0.136143
0.182390 0.977988
0.571118 0.533003
0.400161 0.426920
0.483609 0.989239
0.231335 0.830770
0.747288 0.355823
0.356735 0.403483
0.878210 0.090186
0.492784 0.502525
0.298850 0.720747
0.862080 0.356232
0.109413 0.154306
0.769224 0.280292
0.275882 0.387001
0.513564 0.876756
0.556255 0.095474
0.462882 0.885995
0.244771 0.253256
0.089835 0.616543
0.837273 0.237027
0.877976 0.816165
0.248247 0.037826
0.347338 0.358430
0.465957 0.921138
0.769948 0.261246
0.445753 0.677027
0.286356 0.288548
0.029619 0.858252
0.322503 0.059983
0.626247 0.187562
0.138107 0.189876
0.133212 0.819016
0.675850 0.732718
0.563122 0.643438
0.204938 0.678022
0.698816 0.654922
0.107538 0.651083
0.839569 0.217436
0.799128 0.733986
0.187860 0.559009
0.921499 0.891205
0.815708 0.482842
0.523429 0.203153
0.778087 0.565089
0.186040 0.125243
0.269879 0.914538
0.036195 0.445252
0.648416 0.892590
0.705956 0.993516
0.325897 0.853768
0.104547 0.277409
0.784863 0.442562
0.501618 0.134540
0.862573 0.001162
0.002440 0.083664
0.520078 0.548474
0.379442 0.152838
0.560920 0.176312
0.343914 0.648928
0.579625 0.538824
0.907027 0.973692
0.867243 0.040404
0.044817 0.915745
0.115698 0.582648
0.001213 0.068313
0.277096 0.787977
0.381036 0.437517
0.690908 0.419716
0.888121 0.973841
0.233185 0.696058
0.231377 0.049250
0.209784 0.461651
0.984459 0.987865
0.008314 0.313554
0.243509 0.768322
0.493858 0.960833
0.377715 0.305988
0.085670 0.522730
0.297867 0.265275
0.182769 0.043981
0.684778 0.140881
0.149180 0.504933
0.970506 0.544447
0.358614 0.939028
0.475134 0.134800
0.531603 0.108649
0.420209 0.890390
0.243082 0.792593
0.895701 0.480470
0.737927 0.017545
0.515667 0.239378
0.372807 0.718241
0.842106 0.690178
0.780535 0.270065
0.673744 0.930208
0.232868 0.204684
0.649009 0.009494
0.408907 0.365199
0.476539 0.043866
0.233483 0.403754
0.439884 0.670779
0.725992 0.834897
0.803530 0.457097
0.718420 0.223768
0.490622 0.465045
0.812806 0.891333
0.862904 0.274826
0.105203 0.209666
0.180506 0.268544
0.355025 0.001033
0.069672 0.946152
0.936524 0.771544
0.824670 0.159309
0.515085 0.832619
0.945619 0.139285
0.866807 0.529011
0.756438 0.596927
0.417165 0.294534
0.778077 0.008554
0.254776 0.553407
0.121040 0.310912
0.774754 0.702273
0.738712 0.040494
0.349784 0.242524
0.920831 0.138495
0.946660 0.187312
0.398931 0.537790
0.486991 0.675211
0.288161 0.824276
0.203125 0.212732
0.052566 0.179321
0.909351 0.608741
0.749447 0.801255
0.886251 0.898447
0.731966 0.768187
0.709320 0.957788
0.618048 0.841124
0.032571 0.237624
0.209855 0.077117
0.378691 0.119824
0.341312 0.516160
0.933781 0.347418
0.929735 0.785358
0.371744 0.447432
0.281074 0.065327
0.458462 0.178677
0.333912 0.013581
0.608771 0.433355
0.262149 0.199735
0.368536 0.057129
0.925654 0.331264
0.627169 0.742204
0.311625 0.702647
0.378776 0.494574
0.958632 0.147440
0.291176 0.339493
0.669722 0.044633
0.002327 0.669628
0.481905 0.442300
0.259752 0.804717
0.436674 0.697060
0.049739 0.265390
0.416216 0.868429
0.696498 0.007820
0.296569 0.201158
0.731700 0.622436
0.254959 0.546383
0.041270 0.643849
0.786420 0.393477
0.890585 0.788345
0.976724 0.807020
0.833172 0.917175
0.513369 0.089098
0.410043 0.448563
0.928752 0.595235
0.275568 0.198090
0.186973 0.424342
0.581555 0.800426
0.473533 0.995334
0.513509 0.852707
0.595084 0.392046
0.706463 0.389406
0.907576 0.075213
0.069686 0.727056
0.875208 0.879677
0.285722 0.591950
0.476716 0.092481
0.062471 0.505071
0.063059 0.916856
0.076254 0.399724
0.204932 0.585783
0.745730 0.980472
0.595677 0.014533
0.159155 0.807636
0.777743 0.758312
0.925288 0.859450
0.696621 0.573130
0.999453 0.102003
0.800182 0.896367
0.233349 0.510552
0.111569 0.597597
0.841851 0.150464
0.833214 0.481447
0.149192 0.451898
0.300432 0.791105
0.327379 0.033733
0.988111 0.873716
0.011249 0.443014
0.361943 0.333333
0.823191 0.019913
0.485198 0.745791
0.226500 0.147486
0.652474 0.292449
0.682816 0.225140
0.337176 0.689947
0.553487 0.246108
0.361483 0.282235
0.447343 0.740127
0.080941 0.931704
0.711578 0.245090
0.485537 0.192720
0.487212 0.045869
0.353016 0.595629
0.732942 0.985352
0.420242 0.977681
0.628355 0.466698
0.342350 0.283192
0.817797 0.735211
0.206694 0.990094
0.411863 0.055180
0.777110 0.865945
0.636768 0.417438
0.755292 0.139214
0.028379 0.183832
0.721578 0.411484
0.233839 0.624717
0.780789 0.982855
0.058238 0.654176
0.533308 0.099742
0.063769 0.519072
0.423021 0.637039
0.285395 0.710810
0.519166 0.151079
0.942404 0.695789
0.307135 0.959495
0.834046 0.637294
0.600225 0.151366
0.265746 0.644601
0.927776 0.006235
0.719657 0.024436
0.728543 0.060530
0.406786 0.341970
0.179565 0.211237
0.579806 0.795078
0.830784 0.510267
0.415624 0.395595
0.157795 0.448534
0.950154 0.657280
0.856074 0.306185
0.812764 0.380921
0.734588 0.678658
0.993386 0.085400
0.618787 0.427534
0.545563 0.790223
0.067891 0.227142
0.538640 0.084564
0.189084 0.181743
0.234377 0.619428
0.375262 0.044968
0.300515 0.439591
0.499863 0.905169
0.956570 0.093690
0.005886 0.791328
0.456952 0.826659
0.595388 0.170923
0.483533 0.755233
0.248071 0.374345
0.350378 0.272058
0.225741 0.015439
0.805465 0.864506
0.047754 0.431142
0.768020 0.010620
0.211805 0.324818
0.740555 0.586165
0.864672 0.074541
0.076313 0.025340
0.047182 0.502435
0.536953 0.774926
0.905845 0.256545
0.511413 0.863440
0.858604 0.801152
0.592213 0.305560
0.191105 0.900202
0.637097 0.705346
0.578529 0.533544
0.292668 0.698584
0.537603 0.534783
0.503611 0.009560
0.078628 0.843106
0.699022 0.365981
0.789019 0.146126
0.678871 0.289135
0.439496 0.662375
0.122760 0.188157
0.129015 0.998973
0.812387 0.806294
0.619993 0.198469
0.885749 0.185067
0.024685 0.192595
0.798280 0.535540
0.035839 0.179672
0.650636 0.131139
0.083606 0.000087
0.046956 0.461608
0.263179 0.055760
0.834725 0.339226
0.548043 0.045215
0.166448 0.688902
0.057455 0.269487
0.023811 0.633229
0.575116 0.639211
0.615347 0.058325
0.925368 0.615356
0.487227 0.690573
0.579578 0.765154
0.864389 0.889683
0.822598 0.502833
0.294551 0.385379
0.669189 0.541153
0.602551 0.792185
0.341120 0.601407
0.165095 0.897002
0.447518 0.906426
0.923770 0.351303
0.955069 0.234121
0.995252 0.233291
0.623874 0.235727
0.376690 0.662090
0.134230 0.444655
0.772761 0.488117
0.262296 0.338452
0.790201 0.986486
0.626745 0.802491
0.514445 0.087929
0.815605 0.191150
0.199093 0.229963
0.936041 0.486400
0.371844 0.032136
0.653177 0.548299
0.194877 0.348490
0.487797 0.320428
0.851640 0.941046
0.416373 0.153571
0.690285 0.471680
0.110324 0.969901
0.632305 0.445776
0.610539 0.843414
0.230868 0.948091
0.784224 0.547985
0.843767 0.589106
0.095194 0.112261
0.243104 0.513032
0.581934 0.578306
0.985480 0.781923
0.201098 0.420557
0.838893 0.896046
0.759043 0.863714
0.959264 0.761979
0.049554 0.949541
0.189915 0.332476
0.235726 0.767335
0.659687 0.818410
0.150935 0.359078
0.452196 0.385643
0.032317 0.212378
0.500361 0.145833
0.825231 0.827412
0.580005 0.340682
0.705291 0.371086
0.673533 0.722222
0.688502 0.609628
0.767489 0.939555
0.407916 0.541977
0.690416 0.409211
0.776887 0.428564
0.211224 0.563892
0.804003 0.308392
0.344181 0.614665
0.658751 0.425397
0.113807 0.538745
0.732745 0.214645
0.690513 0.389196
0.844487 0.526327
0.180037 0.283426
0.870457 0.221806
0.092806 0.029011
0.630331 0.469672
0.845695 0.836743
0.946913 0.873739
0.262943 0.853081
0.370045 0.966577
0.960689 0.890214
0.715304 0.144669
0.475543 0.471391
0.279102 0.160243
0.957553 0.341675
0.587962 0.096083
0.447974 0.205616
0.163920 0.924224
0.753225 0.907204
0.819751 0.412754
0.711172 0.641885
0.587129 0.284658
0.353810 0.233271
0.986408 0.441533
0.507492 0.455979
0.473169 0.158321
0.573238 0.695453
0.898046 0.230890
0.241627 0.586375
0.469529 0.851503
0.310191 0.829366
0.783903 0.147460
0.985633 0.526220
0.848209 0.131787
0.543140 0.479666
0.749071 0.218175
0.013316 0.313436
0.401750 0.358767
0.504702 0.574476
0.816978 0.643229
0.370137 0.162041
0.628416 0.380840
0.287104 0.197304
0.371495 0.557623
0.542441 0.698330
0.054937 0.553769
0.213863 0.271600
0.584018 0.380920
0.428877 0.256261
0.211879 0.381404
0.479585 0.113960
0.385796 0.425674
0.741238 0.653841
0.027484 0.619138
0.153697 0.908121
0.586230 0.206004
0.224041 0.691382
0.466631 0.320603
0.245622 0.702968
0.141287 0.942814
0.801218 0.129367
0.729664 0.506973
0.232405 0.913321
0.287541 0.156156
0.585611 0.854022
0.983811 0.106845
0.218186 0.583692
0.221659 0.319172
0.064798 0.706533
0.862068 0.993585
0.692925 0.362561
0.085634 0.072578
0.515383 0.923433
0.833348 0.743916
0.050389 0.824534
0.462514 0.062196
0.253883 0.627879
0.795017 0.093230
0.748512 0.133990
0.711278 0.160496
0.063795 0.835473
0.548784 0.884269
0.198745 0.990837
0.106889 0.905065
0.444306 0.856538
0.734891 0.471671
0.894016 0.855582
0.493847 0.069040
0.152299 0.552454
0.005253 0.274543
0.780211 0.196825
0.706915 0.570222
0.604330 0.431886
0.143397 0.913085
0.428389 0.435788
0.988972 0.623821
0.444493 0.745030
0.458635 0.947111
0.939431 0.570161
0.403563 0.490349
0.500882 0.367554
0.675957 0.698423
0.051028 0.275256
0.634884 0.639406
0.573630 0.274911
0.267574 0.157954
0.569652 0.131179
0.158596 0.012029
0.313283 0.435424
0.704977 0.194890
0.467701 0.389776
0.760187 0.996877
0.015191 0.944892
0.561745 0.160169
0.580753 0.666272
0.687144 0.925044
0.585810 0.730610
0.932217 0.772335
0.413956 0.763997
0.546132 0.425815
0.119756 0.169866
0.914665 0.804268
0.438711 0.093997
0.305564 0.091744
0.313848 0.841697
0.981313 0.000999
0.306705 0.722564
0.244737 0.760361
0.225574 0.241460
0.615025 0.288949
0.836040 0.791076
0.584720 0.049078
0.996749 0.921360
0.149675 0.944758
0.836543 0.239627
0.324109 0.869056
0.843526 0.533810
0.246909 0.897436
0.377983 0.008600
0.506475 0.917254
0.051805 0.810109
0.427903 0.232914
0.222714 0.018208
0.078246 0.474586
0.304107 0.771190
0.702260 0.332782
0.148595 0.680240
0.620131 0.512951
0.977805 0.811820
0.800219 0.234444
0.715793 0.138026
0.759917 0.370889
0.335689 0.320937
0.998254 0.955563
0.279604 0.377017
0.476415 0.986460
0.604463 0.066639
0.940600 0.965515
0.779123 0.408632
0.920166 0.822682
0.882390 0.281842
0.842185 0.613514
0.212996 0.095907
0.558717 0.454209
0.333548 0.262369
0.267063 0.686178
0.943765 0.272014
0.372637 0.645428
0.048499 0.136722
0.817768 0.730524
0.139620 0.577224
0.846315 0.149064
0.605185 0.713249
0.142609 0.640298
0.364974 0.298400
0.032485 0.554715
0.866152 0.913623
0.114094 0.891997
0.286620 0.108198
0.396121 0.926493
0.283701 0.864269
0.511424 0.330145
0.765117 0.538023
0.324193 0.537905
0.143666 0.728938
0.694848 0.598648
0.697719 0.485196
0.015027 0.377957
0.126857 0.433640
0.781271 0.099812
0.549694 0.486189
0.013304 0.780577
0.907212 0.503826
0.540347 0.905019
0.163968 0.773934
0.078662 0.234445
0.015053 0.117781
0.359424 0.339841
0.115899 0.417384
0.502078 0.226280
0.915057 0.381646
0.861356 0.658762
0.663269 0.222904
0.277033 0.779037
0.561834 0.959824
0.555333 0.671709
0.456569 0.108948
0.070429 0.841235
0.903764 0.339002
0.337034 0.624340
0.713502 0.406567
0.625294 0.856136
0.768487 0.364417
0.818035 0.441044
0.378718 0.945183
0.187404 0.569508
0.222990 0.114653
0.291714 0.831384
0.348468 0.128815
0.062744 0.086003
0.960249 0.947492
0.155931 0.422186
0.321997 0.920701
0.158253 0.388918
0.877735 0.878021
0.568714 0.689115
0.730289 0.766001
0.623952 0.285650
0.985927 0.346800
0.155807 0.993761
0.087281 0.795634
0.027933 0.308300
0.296275 0.675308
0.425500 0.626266
0.360945 0.823034
0.357598 0.555132
0.525144 0.580127
0.061529 0.113072
0.382041 0.399161
0.281516 0.420085
0.185205 0.984128
0.184300 0.265205
0.384339 0.068775
0.511761 0.315867
0.092867 0.035840
0.300080 0.682153
0.167632 0.411781
0.225260 0.699746
0.892492 0.477379
0.760817 0.283853
0.163586 0.338033
0.877851 0.883757
0.458729 0.054875
0.920491 0.649532
0.510665 0.869063
0.852976 0.002169
0.338809 0.360638
0.449663 0.456384
0.395294 0.502390
0.580802 0.650003
0.169737 0.375399
0.424406 0.497466
0.140882 0.219755
0.516472 0.226661
0.551327 0.458632
0.337381 0.837229
0.735866 0.164485
0.961669 0.460706
0.559034 0.871811
0.306359 0.022282
0.814109 0.049490
0.705809 0.951502
0.935768 0.257076
0.420382 0.170117
0.559914 0.423975
0.865718 0.983134
0.219019 0.481197
0.386745 0.600221
0.722231 0.337815
0.715178 0.893975
0.684409 0.643540
0.296567 0.379485
0.392592 0.201103
0.637021 0.392311
0.349480 0.479755
0.710771 0.942773
0.749469 0.970143
0.138854 0.755106
0.375475 0.621860
0.692974 0.931268
0.356575 0.614973
0.356519 0.671567
0.182023 0.382160
0.790048 0.763413
0.640165 0.904828
0.826088 0.247246
0.138075 0.377313
0.914901 0.726394
0.152889 0.112420
0.812980 0.378425
0.131823 0.301544
0.589356 0.491793
0.903496 0.083085
0.049972 0.582419
0.180222 0.189677
0.562441 0.142354
0.850818 0.087568
0.400944 0.862215
0.273667 0.894351
0.940067 0.062039
0.940794 0.500516
0.529950 0.716002
0.013540 0.019208
0.304773 0.263900
0.673863 0.712308
0.515351 0.490313
0.491488 0.616837
0.742224 0.015324
0.275789 0.654303
0.304622 0.159576
0.536342 0.508477
0.639188 0.006960
0.659312 0.646874
0.767088 0.808637
0.259145 0.122215
0.958218 0.436294
0.271889 0.427640
0.087611 0.164912
0.516343 0.732513
0.042508 0.781602
0.460888 0.088239
0.477428 0.382320
0.890685 0.056199
0.065480 0.096196
0.978733 0.961733
0.662150 0.741066
0.356650 0.706601
0.081614 0.840805
0.825048 0.245964
0.609039 0.560646
0.515092 0.767926
0.842180 0.258741
0.120360 0.084062
0.047642 0.598997
0.253819 0.425064
0.924576 0.789358
0.524495 0.851454
0.230351 0.855995
0.769902 0.136320
0.887712 0.069556
0.369991 0.930178
0.156280 0.324310
0.308742 0.702044
0.905963 0.880781
0.712429 0.804428
0.630883 0.718436
0.438643 0.764745
0.064915 0.666203
0.736822 0.752445
0.479284 0.022198
0.392077 0.675563
0.502837 0.354907
0.557992 0.562967
0.926111 0.251144
0.776633 0.400256
0.855569 0.507616
0.367160 0.124197
0.662664 0.574315
0.803347 0.787183
0.603340 0.414531
0.715147 0.841816
0.180975 0.272402
0.305573 0.385060
0.785454 0.319697
0.064476 0.470858
0.160821 0.914075
0.929810 0.279497
0.211334 0.005087
0.131482 0.616112
0.548561 0.172466
0.413290 0.086556
0.003550 0.342595
0.847742 0.349793
0.370662 0.392125
0.204167 0.279969
0.276904 0.179298
0.747976 0.510167
0.934684 0.178551
0.261401 0.962582
0.896775 0.753309
0.996975 0.343047
0.272186 0.882611
0.450576 0.051933
0.822805 0.246768
0.691505 0.457795
0.205412 0.054420
0.923906 0.311483
0.968967 0.409413
0.020583 0.939188
0.600608 0.267846
0.720188 0.144550
0.888819 0.655754
0.331865 0.144939
0.510244 0.116277
0.366153 0.403815
0.751140 0.273429
0.988132 0.212031
0.308930 0.641102
0.002433 0.177714
0.125700 0.698946
0.125252 0.345713
0.518526 0.419691
0.843619 0.776508
0.794186 0.449156
0.969574 0.698504
0.285471 0.094673
0.865720 0.704565
0.543752 0.793203
0.301323 0.049471
0.980613 0.443638
0.386493 0.891917
0.706988 0.056208
0.992659 0.777515
0.735144 0.417973
0.816175 0.014741
0.609585 0.286310
0.663278 0.092373
0.360352 0.219410
0.270125 0.026758
0.197701 0.697071
0.845306 0.167188
0.493760 0.971224
0.575069 0.383715
0.258795 0.579742
0.355395 0.414394
0.829713 0.622222
0.211860 0.164344
0.831384 0.904261
0.981322 0.984874
0.819483 0.095608
0.209271 0.968293
0.019768 0.666317
0.799527 0.954974
0.285984 0.684568
0.077177 0.499218
0.244070 0.254572
0.180040 0.485114
0.432698 0.441255
0.205421 0.322274
0.687204 0.662073
0.207181 0.885754
0.899084 0.438773
0.065152 0.716461
0.440507 0.712904
0.996644 0.369864
0.811466 0.656054
0.268275 0.567322
0.426254 0.633353
0.065849 0.733723
0.185418 0.240286
0.975020 0.731242
0.192054 0.238068
0.140407 0.434460
0.395123 0.372465
0.494316 0.770607
0.697235 0.532236
0.667799 0.683738
0.966486 0.007910
0.062864 0.193259
0.769508 0.048226
0.540242 0.004909
0.564930 0.335486
0.318369 0.967941
0.042401 0.872828
0.624766 0.172857
0.374667 0.256384
0.653106 0.182083
0.135726 0.159106
0.343758 0.606644
0.902411 0.120566
0.860242 0.929715
0.853098 0.213448
0.174317 0.467975
0.403781 0.601657
0.132668 0.699610
0.409979 0.676054
0.279597 0.474578
0.335440 0.614083
0.855226 0.622195
0.582686 0.077051
0.120990 0.120044
0.749755 0.226359
0.661456 0.373264
0.572106 0.592583
0.456123 0.286429
0.370793 0.584198
0.932397 0.688117
0.996072 0.392455
0.042063 0.072365
0.411577 0.086201
0.293768 0.368376
0.313138 0.977831
0.569269 0.146332
0.957847 0.966783
0.081025 0.888410
0.068385 0.775088
0.722206 0.971032
0.159169 0.534605
0.576467 0.597177
0.850333 0.726791
0.726105 0.520331
0.109648 0.803372
0.007751 0.250449
0.811865 0.197125
0.952436 0.045785
0.474730 0.973796
0.373812 0.027785
0.120487 0.574580
0.386369 0.367660
0.597219 0.805855
0.169229 0.365661
0.947170 0.262930
0.201623 0.812185
0.309398 0.287329
0.089309 0.175355
0.046961 0.266185
0.935714 0.308883
0.626310 0.948638
0.400794 0.744440
0.364190 0.971592
0.117629 0.954617
0.305396 0.225521
0.682415 0.811427
0.896193 0.850251
0.277005 0.439146
0.035084 0.547965
0.916201 0.337559
0.396154 0.875595
0.667856 0.801271
0.758095 0.835974
0.257835 0.128566
0.463563 0.246490
0.906233 0.241889
0.692208 0.878906
0.253628 0.273151
0.469633 0.373221
0.830076 0.948260
0.418743 0.078832
0.564484 0.896508
0.742347 0.956750
0.281387 0.852739
0.820833 0.692281
0.944090 0.734427
0.341440 0.698866
0.663369 0.937470
0.094493 0.848782
0.459407 0.930971
0.263562 0.081936
0.878979 0.766855
0.776195 0.496332
0.421618 0.429396
0.660753 0.890231
0.521219 0.447976
0.509089 0.997183
0.116607 0.367224
0.380372 0.717942
0.200709 0.498359
0.426057 0.373638
0.882269 0.131285
0.443904 0.138966
0.895478 0.738680
0.485405 0.180986
0.828882 0.659894
0.859680 0.456939
0.884274 0.638692
0.984021 0.287611
0.213630 0.075248
0.887711 0.090422
0.857160 0.830776
0.342992 0.032574
0.944740 0.724119
0.496340 0.256142
0.189345 0.195544
0.648847 0.092309
0.524429 0.971955
0.424543 0.264818
0.193175 0.999954
0.509610 0.484070
0.228301 0.300721
0.817452 0.261334
0.604467 0.162904
0.547390 0.440606
0.910069 0.391772
0.926376 0.595404
0.915001 0.455134
0.584230 0.458793
0.677846 0.512220
0.640287 0.106793
0.894703 0.270299
0.468266 0.480839
0.710495 0.104274
0.799486 0.983756
0.773282 0.847924
0.600042 0.765889
0.467609 0.565915
0.152458 0.325114
0.276043 0.243390
0.559962 0.472864
0.986823 0.258483
0.872181 0.271864
0.549679 0.731302
0.166362 0.253950
0.442588 0.996386
0.479897 0.095331
0.107075 0.103804
0.805571 0.206158
0.828622 0.272305
0.483176 0.057142
0.420778 0.950559
0.402536 0.466101
0.171608 0.187760
0.453664 0.665034
0.144021 0.293489
0.560463 0.171934
0.295088 0.170729
0.367395 0.162566
0.978935 0.381392
0.511874 0.914407
0.795299 0.054118
0.746600 0.508390
0.074802 0.043781
0.580221 0.128596
0.686518 0.229864
0.172878 0.086729
0.033734 0.868180
0.277951 0.871329
0.290654 0.436159
0.396046 0.330007
0.383514 0.300453
0.311688 0.611896
0.828529 0.879211
0.881816 0.232792
0.157038 0.133624
0.549415 0.199082
0.816567 0.532259
0.960141 0.668107
0.134728 0.990301
0.921798 0.568874
0.796556 0.253921
0.464761 0.978224
0.745270 0.994029
0.627183 0.225847
0.226212 0.999730
0.568006 0.004922
0.481387 0.110738
0.605377 0.659802
0.190587 0.950236
0.632625 0.846045
0.280808 0.545457
0.719338 0.858148
0.371139 0.456528
0.655284 0.761251
0.232498 0.531710
0.175217 0.017881
0.012279 0.535695
0.797324 0.053463
0.479498 0.389160
0.542227 0.059151
0.414436 0.027354
0.475505 0.752954
0.577153 0.234785
0.034398 0.629171
0.764399 0.422069
0.792514 0.092233
0.196633 0.455194
0.152386 0.867586
0.043458 0.202140
0.466709 0.551628
0.740338 0.068826
0.551068 0.370089
0.869391 0.675744
0.044683 0.258815
0.585382 0.005192
0.725756 0.719469
0.320576 0.490344
0.958065 0.138994
0.728421 0.702492
0.208624 0.105398
0.293227 0.591469
0.671435 0.385747
0.238175 0.739553
0.168521 0.944383
0.216802 0.444469
0.732275 0.984964
0.904009 0.351403
0.597568 0.560322
0.505090 0.039123
0.852107 0.458828
0.841328 0.853843
0.590232 0.548471
0.278313 0.791275
0.451562 0.858588
0.026546 0.164429
0.158735 0.169447
0.553045 0.733531
0.676380 0.057700
0.872231 0.796358
0.748095 0.156768
0.931397 0.481792
0.920847 0.130692
0.173878 0.785504
0.385387 0.962302
0.528426 0.824983
0.722821 0.696417
0.760993 0.874523
0.512281 0.247588
0.874055 0.998473
0.401182 0.113146
0.715544 0.452334
0.550766 0.182115
0.687413 0.802915
0.166372 0.120967
0.240534 0.650293
0.720594 0.754464
0.181987 0.997901
0.862945 0.753666
0.200577 0.782652
0.673896 0.029113
0.057285 0.336625
0.704602 0.620106
0.423829 0.621766
0.634513 0.338787
0.201398 0.812084
0.683661 0.649616
0.906828 0.024365
0.638435 0.961229
0.572519 0.362279
0.198983 0.198442
0.537547 0.509536
0.209952 0.671311
0.275086 0.142952
0.930227 0.802126
0.656977 0.093007
0.036684 0.007985
0.128291 0.241561
0.212631 0.242531
0.174850 0.563263
0.647372 0.313519
0.594682 0.367633
0.852388 0.398441
0.931401 0.113761
0.506604 0.740450
0.141661 0.486332
0.427092 0.843712
0.593451 0.821104
0.876736 0.216024
0.771200 0.125616
0.667569 0.172404
0.318508 0.792969
0.082098 0.287572
0.362528 0.141849
0.596258 0.910086
0.786322 0.154016
0.643660 0.103028
0.458342 0.979184
0.008610 0.633410
0.727628 0.810036
0.037676 0.273500
0.277991 0.093068
0.157531 0.331674
0.817344 0.482192
0.811248 0.432810
0.828159 0.335536
0.776568 0.043820
0.556062 0.354122
0.193431 0.677658
0.038993 0.225763
0.045008 0.459905
0.238544 0.687859
0.560253 0.108498
0.428215 0.362461
0.366420 0.911401
0.762244 0.203830
0.073760 0.085451
0.793007 0.675824
0.017504 0.728403
0.060458 0.451959
0.163259 0.296264
0.032717 0.324063
0.303745 0.236395
0.831898 0.847141
0.839485 0.277185
0.582143 0.286481
0.511565 0.716650
0.928945 0.628844
0.497500 0.582721
0.964441 0.290356
0.505965 0.977162
0.878921 0.200798
0.897929 0.705667
0.824956 0.096026
0.298150 0.987728
0.208200 0.287920
0.049006 0.935108
0.720552 0.512462
