1200
0.975331 0.504716
0.760546 0.366294
0.096300 0.882911
0.781568 0.439117
0.825384 0.210587
0.218483 0.752784
0.012835 0.237608
0.051004 0.744346
0.522461 0.033794
0.351885 0.366538
0.662884 0.796047
0.864266 0.644625
0.703510 0.076794
0.085847 0.957745
0.127895 0.572794
0.285096 0.164252
0.986982 0.039331
0.879664 0.014656
0.635263 0.003366
0.778030 0.854563
0.687542 0.689564
0.981512 0.949906
0.492306 0.029070
0.779557 0.647484
0.732119 0.475149
0.101307 0.323555
0.074834 0.016715
0.538801 0.382902
0.127795 0.273606
0.710845 0.139836
0.651369 0.728258
0.410324 0.304101
0.178025 0.124879
0.725698 0.991782
0.681578 0.392012
0.128518 0.238587
0.073878 0.051913
0.503216 0.919355
0.087484 0.350449
0.079837 0.767678
0.425871 0.326405
0.208962 0.701081
0.286261 0.308292
0.364598 0.204398
0.753997 0.995425
0.093056 0.721180
0.031724 0.094518
0.945917 0.210332
0.621945 0.840900
0.013204 0.737459
0.376727 0.172653
0.695128 0.240589
0.299446 0.122355
0.415675 0.735571
0.006690 0.735454
0.827249 0.778985
0.600910 0.018421
0.183445 0.941456
0.378058 0.352680
0.285030 0.059628
0.418363 0.425078
0.281424 0.338615
0.577992 0.049776
0.413827 0.874624
0.737218 0.174878
0.146994 0.674410
0.467201 0.789508
0.334308 0.521446
0.659722 0.784716
0.764868 0.508809
0.365418 0.932220
0.895177 0.856266
0.233452 0.535790
0.460810 0.395872
0.338439 0.346577
0.754890 0.071997
0.110207 0.887743
0.040872 0.470593
0.368677 0.599952
0.030465 0.921173
0.191147 0.965472
0.845110 0.727327
0.406308 0.116490
0.804169 0.782206
0.227681 0.396228
0.445394 0.518241
0.589652 0.970431
0.737905 0.877668
0.778161 0.810662
0.669906 0.351125
0.758321 0.142741
0.603705 0.490875
0.394499 0.589342
0.691038 0.267158
0.667990 0.381048
0.466652 0.241594
0.230961 0.034136
0.252870 0.907492
0.373720 0.593327
0.612855 0.365315
0.662482 0.357459
0.679960 0.399715
0.742855 0.137455
0.945021 0.522095
0.351062 0.872965
0.591690 0.206918
0.404953 0.670768
0.796312 0.422494
0.594353 0.197645
0.831702 0.989242
0.170044 0.592541
0.086769 0.666233
0.204234 0.688342
0.983680 0.364423
0.463169 0.224634
0.756519 0.387316
0.904756 0.327796
0.469904 0.593479
0.305633 0.747384
0.920366 0.211071
0.934427 0.679522
0.252773 0.048866
0.518502 0.925307
0.705487 0.232084
0.054707 0.143315
0.535153 0.434652
0.630372 0.101430
0.536504 0.085779
0.515362 0.322461
0.686070 0.749484
0.807829 0.053553
0.006968 0.808797
0.485182 0.199812
0.549404 0.884120
0.189404 0.662801
0.193584 0.499844
0.999649 0.875470
0.867846 0.381385
0.193571 0.232534
0.466255 0.431213
0.523528 0.990846
0.483378 0.426514
0.558265 0.483692
0.407324 0.475190
0.695562 0.680672
0.641884 0.249438
0.755839 0.056460
0.970609 0.307806
0.821870 0.241760
0.725312 0.319158
0.070998 0.528725
0.499033 0.527171
0.809522 0.764608
0.849546 0.272710
0.203250 0.203389
0.503702 0.859284
0.328255 0.213847
0.202086 0.177123
0.809881 0.159383
0.811915 0.478886
0.617785 0.123680
0.597303 0.237743
0.035206 0.490370
0.566920 0.981560
0.338775 0.524693
0.320641 0.525609
0.653194 0.733624
0.140166 0.352919
0.661707 0.964454
0.812664 0.713053
0.708553 0.206811
0.073079 0.416146
0.725884 0.960068
0.799188 0.195256
0.640065 0.669564
0.687907 0.469104
0.865540 0.414605
0.642058 0.423559
0.309893 0.866629
0.024596 0.761357
0.206227 0.681001
0.628194 0.176167
0.392233 0.036030
0.389695 0.420118
0.853709 0.459222
0.382741 0.182589
0.444961 0.724327
0.853055 0.265320
0.075631 0.992588
0.977118 0.602370
0.850405 0.756980
0.886158 0.723482
0.438875 0.054729
0.666861 0.599819
0.583706 0.525454
0.337573 0.164040
0.542178 0.319141
0.605674 0.247970
0.059579 0.755378
0.591833 0.016467
0.606977 0.160386
0.389828 0.486657
0.967523 0.513853
0.683749 0.867966
0.395233 0.927491
0.814211 0.360558
0.824961 0.428080
0.530602 0.452162
0.359191 0.596447
0.991031 0.300337
0.342749 0.045708
0.461379 0.851333
0.253045 0.211205
0.984805 0.233117
0.097813 0.940917
0.295405 0.726872
0.297773 0.987232
0.747877 0.438364
0.801619 0.720320
0.127488 0.861683
0.476347 0.922382
0.177057 0.642145
0.614609 0.714886
0.748633 0.775498
0.085830 0.255136
0.489453 0.018727
0.520241 0.008592
0.381277 0.411753
0.080899 0.913136
0.285751 0.706999
0.249926 0.392892
0.528242 0.860827
0.207355 0.558700
0.440147 0.901404
0.247223 0.467653
0.105778 0.138628
0.931840 0.637134
0.752685 0.721092
0.251024 0.507551
0.007079 0.161032
0.897856 0.548057
0.773220 0.990533
0.371261 0.188542
0.647241 0.678096
0.299940 0.167122
0.645399 0.932282
0.012961 0.319579
0.027412 0.158878
0.716298 0.079013
0.125732 0.254057
0.915413 0.300830
0.577815 0.665309
0.421052 0.904865
0.865209 0.196350
0.586711 0.586956
0.447333 0.479482
0.285791 0.435719
0.846650 0.683390
0.215341 0.852428
0.434054 0.306599
0.426624 0.516068
0.455801 0.070927
0.350609 0.821822
0.225530 0.169035
0.424510 0.720016
0.240771 0.499410
0.571642 0.592121
0.227732 0.993682
0.575938 0.882324
0.481117 0.898322
0.511725 0.906131
0.725991 0.480329
0.600438 0.360454
0.011396 0.697815
0.628137 0.514414
0.223594 0.083982
0.854254 0.822887
0.423386 0.440757
0.846524 0.780579
0.324634 0.881298
0.826310 0.784524
0.687666 0.323022
0.464248 0.086487
0.471868 0.007388
0.672692 0.863341
0.544208 0.782765
0.306573 0.152075
0.419518 0.521674
0.589867 0.314017
0.340403 0.253450
0.573689 0.526178
0.930122 0.635573
0.130332 0.838961
0.082628 0.845716
0.722474 0.841904
0.187236 0.631194
0.187093 0.040301
0.317404 0.542292
0.131817 0.220533
0.798129 0.542476
0.813552 0.323662
0.861419 0.552504
0.446425 0.227409
0.527748 0.593865
0.415488 0.333424
0.476445 0.679271
0.016311 0.150424
0.771887 0.630668
0.630869 0.931315
0.930131 0.431879
0.889438 0.284430
0.742067 0.685809
0.276078 0.696509
0.673535 0.559663
0.296178 0.088123
0.232611 0.125594
0.037639 0.539501
0.266346 0.531707
0.465154 0.888951
0.404851 0.279690
0.772053 0.577405
0.927075 0.043484
0.559052 0.103014
0.132891 0.159014
0.426594 0.871697
0.883562 0.242346
0.687776 0.541377
0.527869 0.027034
0.719471 0.541641
0.645750 0.912229
0.492573 0.039991
0.892854 0.661713
0.278901 0.239404
0.278603 0.570132
0.736362 0.679498
0.349157 0.112479
0.757576 0.790278
0.183565 0.340136
0.683832 0.034328
0.817628 0.541039
0.033837 0.109804
0.639707 0.005097
0.142581 0.246369
0.584454 0.460695
0.757320 0.581267
0.306329 0.935336
0.629453 0.966662
0.976673 0.384241
0.378877 0.160109
0.909102 0.266879
0.531745 0.916851
0.949405 0.378728
0.073863 0.868263
0.609883 0.322645
0.104498 0.435145
0.539242 0.732037
0.435766 0.370846
0.414124 0.325081
0.943198 0.405517
0.670274 0.591655
0.971971 0.018642
0.279346 0.538407
0.197507 0.648409
0.483138 0.391653
0.215795 0.000400
0.091263 0.187227
0.366832 0.649955
0.515643 0.707774
0.700259 0.058601
0.847213 0.825389
0.313436 0.350981
0.488135 0.054373
0.743348 0.383402
0.698871 0.009344
0.010223 0.226214
0.977855 0.301071
0.173508 0.043477
0.181491 0.893291
0.621383 0.332461
0.187657 0.731421
0.447686 0.591065
0.988384 0.663288
0.987177 0.101358
0.429379 0.747217
0.066191 0.645778
0.167663 0.946872
0.284378 0.974487
0.987251 0.996474
0.595111 0.211935
0.617520 0.922259
0.357759 0.570657
0.723027 0.548872
0.114212 0.958898
0.818403 0.617411
0.566586 0.592866
0.748589 0.187685
0.425005 0.835636
0.123447 0.360278
0.536925 0.424866
0.761908 0.864670
0.845638 0.519719
0.126127 0.924204
0.180376 0.202833
0.398866 0.654822
0.142488 0.804795
0.799880 0.524457
0.343930 0.169931
0.754533 0.474220
0.246360 0.571134
0.646213 0.282376
0.378424 0.076317
0.817088 0.822336
0.514174 0.541199
0.486483 0.371131
0.847572 0.615094
0.432011 0.822487
0.408937 0.350773
0.895553 0.154127
0.821861 0.068883
0.285067 0.755013
0.252386 0.297997
0.375021 0.815347
0.734129 0.985744
0.322268 0.831651
0.281149 0.151817
0.116130 0.852679
0.656968 0.991232
0.625532 0.048383
0.094560 0.152040
0.023178 0.042642
0.262149 0.518846
0.656152 0.662462
0.825426 0.005518
0.748658 0.046275
0.844184 0.833911
0.701368 0.941407
0.903635 0.722602
0.157863 0.967762
0.656278 0.379184
0.163107 0.855221
0.337025 0.209299
0.351131 0.865917
0.559609 0.183037
0.661184 0.323681
0.092225 0.649897
0.743129 0.887968
0.965464 0.086963
0.515370 0.781556
0.275370 0.781467
0.974393 0.008332
0.779376 0.219427
0.994052 0.370258
0.730753 0.317114
0.169917 0.388464
0.934702 0.424400
0.177930 0.486401
0.112945 0.788847
0.156664 0.936712
0.899910 0.032981
0.552990 0.984628
0.085676 0.854824
0.120279 0.714639
0.152523 0.104224
0.928752 0.122660
0.474961 0.327658
0.960745 0.295096
0.615181 0.328119
0.967761 0.554361
0.239152 0.503523
0.916959 0.477757
0.408451 0.450935
0.320061 0.317281
0.062420 0.564578
0.711953 0.015701
0.689326 0.472039
0.771428 0.922758
0.141068 0.901125
0.716320 0.285133
0.816425 0.681084
0.624685 0.696779
0.068188 0.983255
0.099570 0.375483
0.164331 0.665069
0.539102 0.062633
0.910323 0.957275
0.428096 0.461669
0.982558 0.946679
0.642842 0.390897
0.770578 0.698239
0.508627 0.941393
0.200928 0.213055
0.212967 0.939392
0.646504 0.009622
0.435063 0.351820
0.664235 0.375677
0.206226 0.759822
0.298356 0.719092
0.053023 0.465059
0.562536 0.250843
0.908549 0.210782
0.799506 0.822512
0.909149 0.900045
0.932890 0.702905
0.268845 0.358892
0.881317 0.903196
0.695194 0.059399
0.343806 0.513198
0.079776 0.980397
0.958706 0.827096
0.329519 0.239279
0.760826 0.910921
0.273063 0.633054
0.581287 0.657953
0.419523 0.638665
0.874995 0.714159
0.421155 0.376554
0.312854 0.070093
0.782495 0.187988
0.074781 0.011100
0.115862 0.585370
0.321120 0.945649
0.611376 0.788820
0.990304 0.981557
0.286837 0.431947
0.436553 0.526701
0.621149 0.489031
0.497345 0.155679
0.142325 0.379946
0.720411 0.360991
0.685271 0.963044
0.141258 0.092553
0.051340 0.615400
0.543627 0.197656
0.466264 0.945242
0.915948 0.375416
0.404619 0.945163
0.089057 0.960726
0.795198 0.501929
0.265441 0.681690
0.932030 0.283810
0.198272 0.193490
0.990205 0.600123
0.575184 0.838950
0.179216 0.907704
0.049481 0.232809
0.202099 0.910773
0.242198 0.521946
0.406246 0.308716
0.114522 0.548672
0.918635 0.583349
0.429565 0.123598
0.334570 0.700240
0.026310 0.937253
0.150420 0.292253
0.014359 0.223545
0.571961 0.187214
0.865864 0.308904
0.059532 0.923362
0.703401 0.316522
0.375099 0.064283
0.666447 0.612925
0.559515 0.316614
0.410828 0.455274
0.849294 0.385011
0.671782 0.537902
0.826274 0.144773
0.328281 0.222191
0.937643 0.946561
0.015281 0.783443
0.660903 0.201874
0.363262 0.622630
0.403628 0.711234
0.718278 0.755800
0.688650 0.066456
0.234711 0.371971
0.987238 0.452586
0.949726 0.611110
0.777523 0.092504
0.974007 0.727999
0.301136 0.319540
0.489612 0.923164
0.748349 0.149533
0.907238 0.063352
0.152431 0.362180
0.024777 0.452811
0.710565 0.473215
0.871023 0.320597
0.069402 0.891937
0.150935 0.614182
0.961832 0.151306
0.286240 0.954170
0.268967 0.519217
0.227949 0.089525
0.775910 0.257830
0.970950 0.299339
0.843644 0.170994
0.733437 0.569749
0.645188 0.149223
0.182241 0.307766
0.920687 0.707820
0.975740 0.186643
0.093624 0.987785
0.901156 0.241960
0.052549 0.857676
0.056398 0.516300
0.537122 0.597241
0.116236 0.841446
0.147944 0.536393
0.697947 0.898648
0.702241 0.291887
0.762169 0.707578
0.372042 0.945917
0.896919 0.268257
0.223685 0.811384
0.375116 0.070952
0.318924 0.043064
0.611936 0.438111
0.109199 0.998739
0.001220 0.363463
0.029084 0.647036
0.534906 0.536335
0.750331 0.484561
0.587362 0.083585
0.116048 0.612713
0.067343 0.436105
0.759466 0.130426
0.212269 0.089952
0.492936 0.923311
0.106170 0.879119
0.565049 0.128477
0.736716 0.215324
0.682815 0.776457
0.675520 0.852407
0.999590 0.318725
0.943753 0.845470
0.958944 0.733769
0.843875 0.601418
0.790122 0.577214
0.376803 0.950954
0.057510 0.412655
0.445205 0.816314
0.340688 0.739034
0.137600 0.396096
0.424011 0.303497
0.696901 0.899281
0.781903 0.987717
0.545368 0.985488
0.445172 0.514228
0.209438 0.646677
0.346352 0.090187
0.631307 0.342338
0.666543 0.166134
0.093914 0.749050
0.338234 0.561551
0.570800 0.294777
0.878073 0.588294
0.319956 0.949067
0.410179 0.035034
0.926294 0.044871
0.885457 0.603513
0.265840 0.776900
0.248197 0.608242
0.593602 0.289402
0.031664 0.313070
0.459432 0.315648
0.963540 0.041575
0.305948 0.215830
0.985047 0.227658
0.466350 0.011515
0.004173 0.984696
0.907406 0.943663
0.300512 0.616017
0.518667 0.518141
0.824970 0.881790
0.471528 0.679250
0.951449 0.458737
0.447416 0.284340
0.919266 0.502073
0.629393 0.190560
0.520380 0.191843
0.764618 0.512360
0.249607 0.336063
0.810140 0.350759
0.845645 0.960221
0.643244 0.023192
0.369175 0.877013
0.393636 0.721263
0.564018 0.955971
0.240972 0.009651
0.280018 0.053593
0.340871 0.309573
0.345860 0.599247
0.589554 0.716217
0.889528 0.661654
0.570962 0.608061
0.064410 0.268555
0.822313 0.593230
0.932841 0.385142
0.976081 0.879383
0.112113 0.533513
0.398463 0.205791
0.447797 0.176040
0.010766 0.355811
0.789679 0.078906
0.446634 0.026271
0.914928 0.136932
0.485704 0.236994
0.046962 0.219324
0.089811 0.340262
0.830071 0.800953
0.454722 0.050722
0.649735 0.156779
0.883769 0.437924
0.433578 0.606289
0.713605 0.618579
0.919546 0.482393
0.356304 0.193373
0.593354 0.800252
0.712372 0.308695
0.118507 0.995555
0.388769 0.649069
0.228287 0.605124
0.388410 0.287991
0.174787 0.935671
0.119133 0.799443
0.675214 0.912198
0.153016 0.112270
0.055925 0.030168
0.823872 0.198129
0.196334 0.257785
0.193105 0.470642
0.255228 0.310363
0.981513 0.039041
0.905484 0.478307
0.028821 0.267523
0.697523 0.642072
0.350292 0.708196
0.182481 0.447924
0.384839 0.558696
0.841322 0.787675
0.096883 0.938531
0.503021 0.051952
0.961165 0.743888
0.264410 0.845085
0.540091 0.257889
0.224608 0.603095
0.647154 0.699452
0.550717 0.242650
0.236971 0.773681
0.034312 0.604280
0.778569 0.621425
0.558376 0.074695
0.336127 0.409574
0.067813 0.353074
0.116512 0.739646
0.292782 0.890537
0.260168 0.077878
0.004818 0.311608
0.243285 0.482956
0.371472 0.877971
0.405653 0.493618
0.664543 0.614894
0.394783 0.950775
0.700526 0.138212
0.397205 0.572787
0.329217 0.253916
0.695052 0.014670
0.524558 0.712670
0.269194 0.112843
0.172162 0.216158
0.198993 0.933600
0.140046 0.439714
0.081087 0.919376
0.923476 0.295153
0.431398 0.618414
0.245112 0.153532
0.076795 0.380232
0.176195 0.917693
0.604376 0.635644
0.154100 0.354134
0.448298 0.200413
0.939173 0.311535
0.939149 0.083471
0.673277 0.923935
0.399323 0.702862
0.129461 0.833431
0.187787 0.273366
0.922203 0.514983
0.889729 0.053059
0.644221 0.123998
0.262360 0.614054
0.932671 0.701635
0.266108 0.230663
0.451670 0.756388
0.545425 0.701093
0.953215 0.521010
0.512384 0.041712
0.785457 0.252220
0.520865 0.542406
0.544042 0.514168
0.564545 0.929091
0.564571 0.279130
0.558042 0.493222
0.704913 0.474786
0.452088 0.370019
0.651639 0.418079
0.056414 0.116160
0.171126 0.722908
0.260374 0.621215
0.558018 0.498339
0.325517 0.488100
0.540305 0.880187
0.774323 0.484962
0.164149 0.177484
0.068688 0.477514
0.100879 0.869177
0.615963 0.651439
0.743755 0.895497
0.342046 0.505108
0.799428 0.353262
0.577135 0.081328
0.131447 0.376854
0.963036 0.084411
0.863091 0.315562
0.034874 0.755863
0.378163 0.285182
0.021020 0.120256
0.894962 0.445549
0.625538 0.082449
0.896797 0.964002
0.200427 0.045714
0.467485 0.523308
0.137226 0.509031
0.405885 0.570742
0.308627 0.866649
0.900001 0.166724
0.914471 0.252074
0.218419 0.737946
0.108673 0.705994
0.427595 0.872731
0.889355 0.892556
0.547240 0.699175
0.805307 0.031690
0.090638 0.654036
0.752441 0.651859
0.754342 0.369113
0.565317 0.578393
0.465115 0.994422
0.634399 0.751251
0.834405 0.932721
0.841161 0.824032
0.106904 0.879808
0.758366 0.363863
0.425394 0.570640
0.744551 0.700084
0.611589 0.921715
0.049172 0.527018
0.179765 0.477439
0.460558 0.418695
0.290273 0.540288
0.842440 0.988018
0.366177 0.159431
0.463464 0.645353
0.929744 0.780157
0.805853 0.902338
0.514608 0.435351
0.481564 0.370237
0.386762 0.286109
0.368928 0.650907
0.508446 0.021507
0.165774 0.460667
0.698026 0.015239
0.564802 0.525500
0.041816 0.710029
0.237523 0.780852
0.699816 0.872924
0.182432 0.182246
0.039626 0.864187
0.950458 0.982058
0.675889 0.469647
0.131929 0.964165
0.867948 0.659571
0.348652 0.275322
0.742527 0.620431
0.003724 0.755970
0.621784 0.079382
0.341831 0.363670
0.788534 0.962189
0.744979 0.183854
0.033603 0.067710
0.660889 0.543830
0.054803 0.387588
0.279845 0.370376
0.025894 0.429730
0.435920 0.701585
0.556167 0.545807
0.130029 0.707381
0.783020 0.585329
0.049080 0.847129
0.051585 0.427707
0.708292 0.359898
0.728986 0.095486
0.679329 0.127621
0.930938 0.447082
0.821361 0.449138
0.291034 0.573327
0.608437 0.655997
0.902175 0.522187
0.524838 0.474255
0.339121 0.944646
0.145864 0.310125
0.080134 0.787943
0.455325 0.471208
0.894524 0.052437
0.121674 0.891629
0.693285 0.745924
0.813441 0.822045
0.100748 0.308196
0.534946 0.251028
0.443653 0.123604
0.595897 0.294802
0.680531 0.561429
0.062636 0.724447
0.296445 0.390642
0.581621 0.332887
0.218531 0.760844
0.909255 0.001789
0.355523 0.890081
0.830957 0.481737
0.671323 0.253375
0.229746 0.312788
0.958088 0.874746
0.451732 0.804801
0.620542 0.208800
0.784384 0.848952
0.457018 0.741032
0.462971 0.094210
0.009167 0.169323
0.603393 0.532352
0.081088 0.189097
0.986101 0.903274
0.439271 0.750967
0.383791 0.691413
0.632525 0.270950
0.235744 0.424538
0.914738 0.357549
0.876483 0.395279
0.080218 0.681683
0.470585 0.923133
0.410712 0.878327
0.567812 0.213542
0.833686 0.562944
0.942843 0.365202
0.072405 0.031757
0.913470 0.297415
0.943679 0.921861
0.387627 0.085811
0.643033 0.903572
0.970773 0.783519
0.643682 0.898637
0.310318 0.221809
0.720985 0.240278
0.584306 0.196886
0.641181 0.075493
0.921168 0.737687
0.326913 0.921730
0.228189 0.108750
0.217706 0.900425
0.627467 0.680341
0.161991 0.211249
0.458987 0.839847
0.711661 0.672724
0.386978 0.062995
0.885291 0.969646
0.049440 0.949255
0.618909 0.666746
0.675447 0.607674
0.333951 0.312901
0.630432 0.847013
0.426003 0.167437
0.867903 0.680614
0.032470 0.965642
0.221719 0.862636
0.444887 0.195968
0.125579 0.210918
0.625472 0.659976
0.937179 0.723274
0.794541 0.612179
0.428624 0.059233
0.069030 0.284878
0.292329 0.814223
0.426846 0.358555
0.909258 0.600888
0.786025 0.508860
0.126761 0.445936
0.488404 0.973448
0.165533 0.187548
0.340609 0.103009
0.800809 0.469896
0.945509 0.251296
0.884501 0.441961
0.813331 0.810497
0.776977 0.101050
0.542111 0.596562
0.960222 0.386747
0.673227 0.772041
0.324284 0.403835
0.523808 0.773641
0.081472 0.718495
0.366335 0.402101
0.652533 0.349062
0.202509 0.069157
0.838212 0.173341
0.416104 0.776288
0.258547 0.187312
0.816953 0.947421
0.509480 0.055689
0.689949 0.590167
0.949764 0.345422
0.718051 0.018404
0.897597 0.731568
0.070812 0.686808
0.580325 0.620913
0.089993 0.282714
0.299693 0.054277
0.830145 0.790503
0.718222 0.718328
0.070999 0.159755
0.415127 0.378244
0.071818 0.011418
0.977594 0.021841
0.921657 0.062078
0.497629 0.854889
0.863811 0.927626
0.250135 0.829867
0.098178 0.488750
0.888189 0.822983
0.596336 0.318668
0.175353 0.445086
0.309961 0.825931
0.894593 0.101516
0.253826 0.907986
0.059677 0.830199
0.904750 0.362388
0.973767 0.432695
0.175639 0.050263
0.945140 0.755153
0.705088 0.949136
0.843134 0.329179
0.879700 0.303356
0.370423 0.278274
0.293781 0.279431
0.037006 0.463048
0.477338 0.444692
0.841349 0.008168
0.502717 0.242119
0.134958 0.794667
0.638926 0.931735
0.080784 0.313799
0.383859 0.011049
0.085246 0.323392
0.934770 0.860224
0.815008 0.140869
0.742268 0.596884
0.326429 0.093487
0.808129 0.942353
0.935209 0.347539
0.293349 0.780982
0.553790 0.400642
0.986201 0.882817
0.060986 0.824538
0.088496 0.856730
0.172512 0.543686
0.229402 0.511111
0.709540 0.411244
0.952271 0.975018
0.924675 0.348983
0.206875 0.959732
0.253142 0.313436
0.302790 0.265070
0.411443 0.141192
0.234480 0.208433
0.765355 0.170050
0.366092 0.798273
0.534301 0.094919
0.035114 0.107353
0.889883 0.746145
0.983106 0.348201
0.203440 0.220225
0.301707 0.446590
0.032731 0.600410
0.386702 0.582967
0.323558 0.991654
0.181973 0.411435
0.729830 0.277886
0.998454 0.723883
0.105071 0.904175
0.387869 0.272927
0.599129 0.497844
0.376211 0.943381
0.867779 0.622424
0.105258 0.209073
0.015954 0.694727
0.237276 0.188650
0.503629 0.438182
0.209320 0.795048
0.386602 0.194198
0.050216 0.034281
0.777988 0.781762
0.115543 0.792608
0.292438 0.340150
0.121456 0.345450
0.088546 0.726909
0.525662 0.128147
0.004225 0.520587
0.103148 0.071607
0.852858 0.836147
0.605493 0.706790
0.952314 0.859607
0.638012 0.642770
0.575393 0.373111
0.621731 0.100140
0.137587 0.983125
0.390205 0.980368
0.541085 0.360160
0.976937 0.457486
0.352327 0.803324
0.614885 0.858140
0.529112 0.680870
0.167020 0.630455
0.745350 0.819076
0.097272 0.301580
0.565286 0.348083
0.863704 0.709885
0.426301 0.265339
0.319919 0.725819
0.034931 0.632766
0.158620 0.578127
0.815310 0.756699
0.074689 0.595148
0.090515 0.255135
0.918883 0.586181
0.917220 0.270854
0.935801 0.286538
0.643978 0.826644
0.180825 0.661136
0.614612 0.000042
0.400867 0.998098
0.200183 0.251502
0.393023 0.711937
0.542699 0.210562
0.705010 0.606857
0.027981 0.097048
0.739505 0.305963
0.605232 0.529130
0.302330 0.124708
0.834452 0.763048
0.226187 0.058690
0.740247 0.415151
0.016397 0.770070
0.159668 0.421839
0.468266 0.589762
0.118148 0.236922
0.301115 0.664500
0.793515 0.877869
0.651110 0.670985
0.674973 0.616004
0.359317 0.717332
0.704976 0.419264
0.315832 0.200106
0.615683 0.792674
0.966701 0.430936
0.047610 0.530903
0.946494 0.933551
0.647798 0.981326
0.805435 0.801187
0.935837 0.119300
0.630534 0.163467
0.166427 0.334111
0.851579 0.638917
0.584287 0.834985
0.826403 0.688636
0.634961 0.032854
0.744624 0.725061
0.933310 0.643782
0.799044 0.382339
0.843649 0.427968
0.787625 0.188373
0.971592 0.501654
0.321932 0.173458
0.627886 0.014171
0.254597 0.217196
0.469085 0.527140
0.799219 0.588050
0.648566 0.182099
0.206966 0.695959
0.977202 0.687471
0.788053 0.690261
0.614811 0.687675
0.514578 0.203584
