1000
0.379052 0.758240
0.934018 0.021792
0.877199 0.785748
0.648229 0.578841
0.452468 0.339277
0.898386 0.564719
0.992206 0.851680
0.871346 0.174621
0.184727 0.127800
0.895195 0.904601
0.916356 0.259330
0.234711 0.192187
0.080062 0.548580
0.237750 0.844508
0.099235 0.430767
0.325970 0.307921
0.156737 0.569276
0.070086 0.705828
0.444070 0.699285
0.347898 0.125233
0.571930 0.555103
0.737715 0.420109
0.957411 0.437661
0.623771 0.463383
0.055979 0.120155
0.125719 0.410869
0.994894 0.700099
0.605527 0.442374
0.889088 0.715820
0.591408 0.288711
0.526575 0.124324
0.493917 0.235379
0.852679 0.598171
0.111896 0.165862
0.333743 0.390174
0.241801 0.696294
0.305319 0.651194
0.280691 0.896944
0.913648 0.844249
0.924058 0.054794
0.915841 0.624465
0.912117 0.410306
0.158137 0.019214
0.625779 0.897218
0.467105 0.277999
0.131602 0.982508
0.354795 0.003820
0.178995 0.830562
0.180497 0.403365
0.959563 0.149560
0.811919 0.458054
0.528299 0.620129
0.141049 0.028748
0.085598 0.793632
0.248887 0.567124
0.710806 0.184829
0.724698 0.708622
0.833289 0.713932
0.616648 0.141261
0.875649 0.942019
0.153676 0.889771
0.682736 0.182343
0.568476 0.728022
0.033483 0.870170
0.197406 0.319058
0.284094 0.024091
0.284679 0.010288
0.761817 0.596931
0.309440 0.989874
0.198714 0.974623
0.971974 0.739581
0.852514 0.931379
0.584538 0.885811
0.825103 0.208153
0.844207 0.783314
0.417429 0.598936
0.812182 0.274378
0.955227 0.636940
0.828599 0.875919
0.647765 0.305547
0.984490 0.527508
0.913824 0.138246
0.110814 0.126208
0.416548 0.568618
0.974371 0.432911
0.783389 0.934343
0.418434 0.166073
0.793306 0.127121
0.150476 0.235886
0.457339 0.542305
0.818904 0.448120
0.947181 0.430851
0.142460 0.177479
0.925714 0.836386
0.411604 0.437596
0.425483 0.415796
0.947961 0.397096
0.257973 0.548379
0.543023 0.722357
0.508593 0.921317
0.993727 0.488083
0.483876 0.329476
0.636280 0.310341
0.622377 0.935002
0.967237 0.515683
0.219986 0.163099
0.707411 0.661699
0.706088 0.417392
0.970987 0.479202
0.228804 0.122433
0.215630 0.617567
0.799597 0.488381
0.161634 0.137878
0.031173 0.267902
0.843415 0.675073
0.762832 0.402000
0.335476 0.917815
0.155295 0.973894
0.114919 0.594065
0.204914 0.056026
0.856829 0.478609
0.132072 0.343455
0.404799 0.041298
0.769323 0.085201
0.388136 0.543023
0.133623 0.702917
0.949621 0.270858
0.640468 0.256906
0.213046 0.191168
0.151862 0.539119
0.238738 0.910508
0.383090 0.998712
0.370206 0.236277
0.042569 0.242535
0.279763 0.233445
0.437782 0.852202
0.835819 0.028024
0.533641 0.055337
0.864311 0.522794
0.770303 0.033636
0.667269 0.720154
0.325599 0.509878
0.273376 0.498354
0.865950 0.478419
0.439996 0.002187
0.267571 0.622979
0.786475 0.292256
0.259155 0.855417
0.147117 0.197453
0.813044 0.166216
0.917228 0.472840
0.745101 0.125791
0.557370 0.110659
0.464055 0.457482
0.886825 0.044687
0.283724 0.477551
0.010132 0.681349
0.438540 0.380737
0.549890 0.071597
0.206778 0.856332
0.964015 0.366908
0.893011 0.727490
0.647626 0.104323
0.778027 0.313168
0.550796 0.434291
0.587693 0.124430
0.745416 0.870661
0.163131 0.925025
0.489184 0.069752
0.332064 0.838800
0.722475 0.244482
0.011305 0.677917
0.491563 0.613166
0.138204 0.626741
0.447532 0.356574
0.150484 0.881158
0.910886 0.810670
0.133975 0.557087
0.135789 0.678433
0.371926 0.484013
0.246189 0.188884
0.737105 0.760243
0.817537 0.624776
0.149984 0.242373
0.117445 0.770653
0.565213 0.573891
0.410314 0.441192
0.925434 0.681334
0.673077 0.566503
0.011288 0.983373
0.053601 0.574750
0.017977 0.404228
0.534301 0.143184
0.227409 0.134292
0.746667 0.466512
0.436128 0.016504
0.670058 0.199658
0.644479 0.518604
0.234227 0.222102
0.394848 0.100990
0.660336 0.140249
0.875580 0.167735
0.722053 0.166920
0.316943 0.487759
0.469854 0.854046
0.744742 0.180294
0.464611 0.385545
0.198202 0.534082
0.041189 0.017868
0.816866 0.049231
0.997580 0.210379
0.457673 0.829527
0.893295 0.346086
0.671976 0.446616
0.067992 0.408354
0.433053 0.763142
0.084663 0.209604
0.102305 0.111602
0.342609 0.211523
0.749153 0.113880
0.137887 0.601939
0.708582 0.350947
0.262467 0.627208
0.246684 0.219483
0.312477 0.886506
0.297494 0.045647
0.725903 0.109259
0.224078 0.097844
0.087508 0.584819
0.464561 0.081900
0.400488 0.851221
0.043714 0.654490
0.827931 0.277458
0.526098 0.634197
0.377823 0.274378
0.306605 0.189545
0.519165 0.677876
0.854429 0.981298
0.614841 0.228574
0.928611 0.998403
0.399803 0.760429
0.618301 0.195224
0.930496 0.419869
0.811013 0.770890
0.727630 0.324963
0.134861 0.225299
0.717624 0.450639
0.571247 0.874365
0.925079 0.711005
0.213202 0.914314
0.495576 0.300534
0.124234 0.395519
0.092707 0.942223
0.823940 0.281005
0.063148 0.526386
0.824106 0.661847
0.567269 0.759572
0.517298 0.106830
0.934652 0.587856
0.376211 0.821840
0.050284 0.084437
0.896776 0.248730
0.100185 0.793466
0.549261 0.960844
0.337966 0.498134
0.940503 0.659134
0.125691 0.740046
0.826531 0.448066
0.520331 0.248112
0.690296 0.471089
0.721225 0.389851
0.429166 0.179284
0.349554 0.034176
0.873259 0.200903
0.687694 0.311046
0.715155 0.618575
0.691237 0.026812
0.009125 0.525436
0.930007 0.098741
0.189310 0.011117
0.808276 0.427617
0.709252 0.531581
0.176586 0.519043
0.169162 0.046402
0.637656 0.098962
0.862421 0.108317
0.752732 0.888421
0.917006 0.955869
0.471257 0.691784
0.504550 0.702364
0.133968 0.205026
0.808405 0.503893
0.951004 0.459775
0.637269 0.295669
0.886805 0.939050
0.659931 0.449426
0.720802 0.606653
0.784881 0.564398
0.019838 0.900837
0.338107 0.439098
0.173013 0.447067
0.317115 0.200112
0.591297 0.985200
0.438009 0.399428
0.256647 0.373104
0.364793 0.749453
0.590380 0.082745
0.507448 0.859202
0.946495 0.689248
0.884650 0.784174
0.069074 0.453698
0.036983 0.961858
0.936452 0.271623
0.104858 0.033166
0.860773 0.623222
0.729269 0.955564
0.082233 0.960262
0.218361 0.169268
0.769894 0.963158
0.413904 0.527869
0.210184 0.520714
0.580961 0.648593
0.939356 0.105860
0.062094 0.835405
0.738033 0.943174
0.378233 0.065441
0.278591 0.246661
0.497152 0.635588
0.585760 0.248040
0.113196 0.697204
0.129736 0.612594
0.499201 0.936610
0.312268 0.621431
0.789917 0.557131
0.401740 0.924714
0.761567 0.901158
0.824008 0.070964
0.371241 0.892855
0.675257 0.805875
0.378957 0.706029
0.090218 0.341808
0.160744 0.983855
0.091220 0.004279
0.403966 0.978892
0.573236 0.952712
0.142409 0.260101
0.407246 0.595896
0.211521 0.026670
0.082210 0.862661
0.441281 0.180890
0.359891 0.058196
0.181539 0.986099
0.909775 0.386664
0.379315 0.090978
0.085636 0.945526
0.770631 0.968252
0.330711 0.774184
0.126577 0.718137
0.875378 0.556251
0.936656 0.308087
0.466983 0.825806
0.866880 0.074268
0.148406 0.018319
0.941407 0.600678
0.909424 0.342192
0.148005 0.686417
0.562887 0.766382
0.608574 0.051412
0.738887 0.693719
0.335552 0.485032
0.259870 0.058700
0.176010 0.221168
0.400935 0.709324
0.502438 0.794269
0.135888 0.902771
0.318318 0.543885
0.302293 0.525572
0.969407 0.379055
0.987939 0.451388
0.557477 0.210530
0.550803 0.858284
0.746954 0.846148
0.115556 0.294037
0.601701 0.327000
0.845861 0.028026
0.421794 0.936791
0.407972 0.749894
0.823372 0.097123
0.426495 0.386286
0.394311 0.849848
0.631083 0.390323
0.839057 0.903309
0.084323 0.212614
0.701690 0.645930
0.384088 0.431047
0.643693 0.671895
0.822076 0.310301
0.311927 0.623004
0.854699 0.598726
0.516410 0.047276
0.349768 0.188996
0.939819 0.013595
0.144130 0.169674
0.249128 0.896404
0.097467 0.435579
0.201471 0.431910
0.181946 0.997148
0.167176 0.381640
0.628404 0.098956
0.663050 0.537181
0.555461 0.598292
0.932066 0.635469
0.205091 0.850671
0.772479 0.569946
0.417102 0.699800
0.747935 0.104952
0.826320 0.139447
0.417566 0.437313
0.506890 0.039953
0.646856 0.312067
0.819168 0.736404
0.942956 0.813947
0.873275 0.838377
0.538713 0.287303
0.653566 0.481290
0.215236 0.820935
0.177813 0.434538
0.008629 0.612568
0.034924 0.187764
0.672730 0.254066
0.257674 0.554900
0.446445 0.859012
0.560053 0.679217
0.600010 0.205020
0.091405 0.241312
0.163401 0.777521
0.227456 0.504469
0.018157 0.195051
0.957933 0.263867
0.504409 0.349909
0.967885 0.211920
0.149730 0.976877
0.204477 0.101085
0.168383 0.563800
0.741390 0.619781
0.518636 0.037994
0.567634 0.774669
0.022805 0.822720
0.458012 0.373177
0.268055 0.693789
0.149999 0.969801
0.083373 0.421513
0.752179 0.545670
0.510037 0.389541
0.898399 0.693777
0.587869 0.966010
0.422367 0.158130
0.105717 0.914770
0.935962 0.582825
0.554256 0.934371
0.276924 0.543367
0.961993 0.993379
0.979082 0.733843
0.904947 0.084399
0.959435 0.175904
0.310300 0.023994
0.613814 0.961226
0.762529 0.459539
0.674507 0.536729
0.816457 0.954716
0.777773 0.511107
0.144883 0.177170
0.997148 0.237278
0.936642 0.650179
0.779520 0.293584
0.918764 0.851679
0.222022 0.073943
0.811095 0.177119
0.249662 0.187947
0.339115 0.511381
0.418954 0.101750
0.335377 0.541293
0.205138 0.687411
0.499499 0.672588
0.076553 0.147579
0.560593 0.668523
0.006108 0.999857
0.164108 0.980516
0.890918 0.158005
0.109157 0.011346
0.491850 0.147301
0.579010 0.076259
0.329400 0.270497
0.324339 0.890468
0.314145 0.437848
0.844329 0.095637
0.394912 0.666213
0.475219 0.114741
0.908386 0.060698
0.400768 0.178431
0.592454 0.718456
0.755245 0.026271
0.368500 0.919554
0.852500 0.338453
0.444169 0.951584
0.476884 0.079171
0.380752 0.439820
0.198127 0.163898
0.436684 0.918010
0.057353 0.288512
0.793723 0.176362
0.229795 0.346184
0.508345 0.715963
0.859590 0.692006
0.410321 0.537722
0.714533 0.312892
0.630716 0.795714
0.632815 0.593912
0.459616 0.947409
0.544852 0.939577
0.310206 0.873671
0.639443 0.883530
0.137474 0.218631
0.140597 0.784210
0.858100 0.533781
0.448540 0.137416
0.996493 0.734399
0.802668 0.195148
0.324673 0.563032
0.134477 0.160965
0.812445 0.060843
0.200772 0.954101
0.501161 0.290877
0.587191 0.891500
0.258006 0.377263
0.575230 0.081788
0.228452 0.927260
0.774345 0.425767
0.224973 0.878144
0.396235 0.768951
0.563023 0.135435
0.565127 0.462175
0.631718 0.914039
0.072591 0.080940
0.030746 0.571428
0.914053 0.832311
0.129382 0.811973
0.586155 0.268700
0.364045 0.936923
0.240870 0.442564
0.188733 0.380687
0.452462 0.318416
0.617630 0.311502
0.083412 0.096829
0.870251 0.039133
0.254050 0.987718
0.216569 0.525757
0.665027 0.922613
0.397977 0.363174
0.364230 0.780282
0.085453 0.159036
0.643251 0.229173
0.173435 0.453544
0.884515 0.716810
0.582689 0.130303
0.784714 0.462416
0.541286 0.845340
0.848133 0.039787
0.032797 0.890090
0.428536 0.133311
0.263775 0.527590
0.843884 0.006840
0.390105 0.353981
0.294039 0.794899
0.191586 0.108842
0.260385 0.147259
0.093903 0.212312
0.424730 0.327755
0.244438 0.037623
0.511653 0.622264
0.142281 0.922810
0.339615 0.268136
0.821443 0.863493
0.278185 0.996745
0.215625 0.485885
0.212205 0.974578
0.172121 0.365165
0.177753 0.443661
0.080014 0.520145
0.487425 0.374552
0.445544 0.432422
0.983856 0.573024
0.805937 0.432060
0.478897 0.278076
0.781815 0.437298
0.206215 0.407951
0.362228 0.347944
0.900769 0.132224
0.371266 0.778953
0.673640 0.586554
0.981188 0.812082
0.339438 0.843999
0.191853 0.231838
0.084019 0.110199
0.889314 0.145218
0.360119 0.581163
0.218403 0.341114
0.135406 0.118678
0.960867 0.047580
0.153426 0.778757
0.277482 0.657289
0.827963 0.945509
0.559451 0.448151
0.478764 0.813154
0.486952 0.396204
0.957751 0.042838
0.986009 0.527960
0.828903 0.825153
0.930672 0.501113
0.930117 0.307911
0.736599 0.158561
0.793707 0.937952
0.048138 0.973280
0.808808 0.547458
0.842241 0.601457
0.945974 0.216482
0.186365 0.011405
0.482037 0.801303
0.417304 0.484942
0.037479 0.554289
0.227732 0.080940
0.398360 0.529262
0.770521 0.079703
0.437916 0.653324
0.536778 0.396857
0.699239 0.047307
0.683402 0.350866
0.988892 0.764043
0.432963 0.175089
0.137196 0.942953
0.449273 0.369019
0.787013 0.626646
0.435511 0.749681
0.385039 0.164984
0.652504 0.142821
0.831310 0.041122
0.941858 0.872233
0.641186 0.199759
0.434760 0.005863
0.469682 0.746602
0.909413 0.490019
0.566176 0.066920
0.873320 0.682308
0.989582 0.980755
0.788936 0.005632
0.045775 0.255360
0.371795 0.939535
0.141988 0.545896
0.786460 0.117359
0.973666 0.942276
0.337601 0.048562
0.448016 0.985783
0.697972 0.784177
0.891513 0.948847
0.439617 0.947480
0.628553 0.391708
0.099749 0.212393
0.044209 0.956453
0.508592 0.831993
0.757236 0.295372
0.910772 0.976594
0.446798 0.177358
0.428558 0.795406
0.158530 0.162124
0.502473 0.247142
0.126390 0.717868
0.232041 0.828997
0.814756 0.480781
0.418510 0.939210
0.479945 0.567186
0.608823 0.645708
0.335491 0.518445
0.739961 0.104068
0.361849 0.946579
0.923727 0.010540
0.653842 0.761413
0.998712 0.850594
0.921347 0.139661
0.281578 0.192708
0.387732 0.210452
0.337563 0.527938
0.135616 0.253577
0.731088 0.750069
0.281045 0.282701
0.557538 0.993312
0.827284 0.834105
0.443159 0.494454
0.132998 0.820899
0.404329 0.124591
0.547248 0.502399
0.656261 0.337105
0.441720 0.127193
0.894492 0.249564
0.423146 0.072288
0.668047 0.237929
0.053592 0.888941
0.076519 0.690322
0.974832 0.694593
0.027513 0.012325
0.786858 0.823310
0.894542 0.096416
0.628861 0.900237
0.986910 0.333285
0.661377 0.867479
0.769771 0.140522
0.817284 0.115773
0.732176 0.474784
0.422549 0.021907
0.918978 0.351117
0.988427 0.519818
0.197713 0.352749
0.469461 0.460302
0.364804 0.399202
0.104296 0.511148
0.794021 0.283933
0.767291 0.384083
0.613155 0.322627
0.117649 0.024818
0.475628 0.175529
0.433659 0.226221
0.308434 0.989673
0.937876 0.685116
0.255804 0.638126
0.115521 0.597583
0.865164 0.049797
0.667551 0.284331
0.131969 0.233883
0.009222 0.183069
0.943156 0.254502
0.475454 0.278474
0.450588 0.789355
0.307176 0.214418
0.664772 0.229125
0.859515 0.766932
0.072460 0.278125
0.681067 0.793259
0.164617 0.982809
0.990517 0.907630
0.575092 0.377623
0.516060 0.298517
0.324401 0.926825
0.965205 0.004232
0.937062 0.159469
0.579560 0.478071
0.486681 0.127267
0.411547 0.492740
0.468026 0.606087
0.644222 0.786119
0.423169 0.951162
0.888167 0.958645
0.659379 0.608862
0.986921 0.036982
0.220294 0.642266
0.005961 0.843807
0.769739 0.514044
0.488306 0.977183
0.211149 0.501186
0.011627 0.451982
0.823436 0.383304
0.065442 0.724518
0.528046 0.267509
0.385087 0.961568
0.009158 0.447847
0.295786 0.703975
0.515376 0.111573
0.913976 0.157900
0.708866 0.699098
0.323389 0.300171
0.270436 0.361309
0.191389 0.124978
0.886216 0.604362
0.931951 0.819211
0.406155 0.437509
0.625310 0.941033
0.810990 0.031180
0.712603 0.888701
0.074381 0.270835
0.962760 0.133296
0.292508 0.270351
0.849324 0.020220
0.671367 0.113787
0.197865 0.081193
0.196703 0.136335
0.512631 0.306238
0.698490 0.444750
0.318436 0.304235
0.886432 0.903301
0.598455 0.651592
0.621846 0.348201
0.335225 0.421325
0.596100 0.968505
0.370955 0.568626
0.094539 0.356340
0.097104 0.146011
0.148141 0.185118
0.596854 0.733634
0.309135 0.572611
0.756913 0.680400
0.846543 0.515512
0.229767 0.534117
0.045410 0.052319
0.448219 0.705659
0.955730 0.056522
0.013134 0.084348
0.535305 0.323709
0.979362 0.853813
0.849452 0.563262
0.304662 0.807485
0.934930 0.659242
0.203674 0.267690
0.887442 0.492256
0.503898 0.323858
0.669454 0.212918
0.094981 0.034564
0.450371 0.040684
0.828142 0.887432
0.920942 0.449213
0.345655 0.292036
0.192383 0.264172
0.123141 0.305586
0.439052 0.189430
0.470691 0.166167
0.247717 0.257509
0.041373 0.486616
0.346510 0.157475
0.134254 0.978648
0.665105 0.952550
0.954345 0.494885
0.661919 0.890184
0.812384 0.657197
0.172596 0.818704
0.002947 0.321048
0.849282 0.043899
0.548265 0.282705
0.413364 0.430324
0.927609 0.260225
0.787978 0.518565
0.821413 0.798959
0.276217 0.167042
0.419864 0.844314
0.309300 0.454792
0.731409 0.208265
0.094966 0.684847
0.801330 0.728837
0.453980 0.978744
0.314016 0.691663
0.448996 0.821483
0.338696 0.769974
0.117274 0.995021
0.394089 0.970351
0.409693 0.669505
0.266543 0.947976
0.742207 0.659931
0.867233 0.634791
0.654088 0.331856
0.663196 0.773257
0.732252 0.708280
0.043277 0.392997
0.695095 0.521429
0.479419 0.753594
0.241311 0.722602
0.776973 0.110121
0.860175 0.331681
0.330913 0.884477
0.881264 0.983268
0.500758 0.753385
0.121258 0.436926
0.580681 0.224893
0.046927 0.530582
0.255758 0.745061
0.642087 0.957125
0.192123 0.764321
0.975061 0.507069
0.273646 0.776827
0.664115 0.487874
0.194036 0.713035
0.184429 0.883386
0.550161 0.100358
0.271768 0.606974
0.845269 0.775392
0.393918 0.424733
0.816480 0.265734
0.591171 0.861541
0.415431 0.596303
0.072271 0.517183
0.538973 0.228856
0.395946 0.355945
0.743235 0.586259
0.056647 0.156910
0.633278 0.639734
0.484595 0.339106
0.602138 0.876700
0.720613 0.756897
0.714019 0.186388
0.637748 0.701151
0.120949 0.596744
0.918564 0.050766
0.079217 0.972693
0.371214 0.854715
0.643076 0.199457
0.171518 0.386052
0.812421 0.458850
0.738322 0.754710
0.508424 0.025755
0.854184 0.982720
0.431260 0.543683
0.024797 0.284663
0.233272 0.193241
0.797007 0.565072
0.839608 0.885411
0.516519 0.484975
0.487899 0.836014
0.508509 0.659514
0.358423 0.209040
0.067871 0.827160
0.363229 0.935289
0.146859 0.990170
0.817801 0.472607
0.315340 0.660935
0.198403 0.578092
0.576645 0.684782
0.198298 0.462201
0.704164 0.379989
0.196578 0.352822
0.984651 0.630759
0.387842 0.489375
0.353330 0.013054
0.672471 0.794081
0.935663 0.376781
0.512337 0.044903
0.362200 0.616615
0.685705 0.915439
0.316568 0.571879
0.857721 0.535598
0.180289 0.399874
0.815042 0.882672
0.443314 0.128397
0.486580 0.055391
0.996081 0.828813
0.881167 0.687533
0.335014 0.842756
0.917674 0.395845
0.442127 0.867920
0.399288 0.865980
0.033977 0.297029
0.450745 0.024944
0.157956 0.084703
0.289367 0.976612
0.687231 0.471902
0.815562 0.304281
0.013268 0.211742
0.638360 0.846044
0.920708 0.695030
0.371765 0.794587
0.800863 0.480670
0.366523 0.612445
0.316484 0.390918
0.071930 0.379646
0.082235 0.459244
0.862021 0.802281
0.251595 0.241636
0.591022 0.931725
0.067088 0.447522
0.556036 0.212547
0.633061 0.328304
0.031816 0.829748
0.941742 0.899532
0.700053 0.859106
0.055512 0.106195
0.815005 0.243412
0.129316 0.742967
0.025329 0.088021
0.993133 0.806733
0.975240 0.457621
0.657217 0.490842
0.107036 0.178026
0.206348 0.440932
0.666612 0.846066
0.552622 0.417549
0.103316 0.233785
0.383551 0.366795
0.730464 0.228531
0.394620 0.853647
0.796343 0.036482
0.116959 0.926545
0.584238 0.579351
0.379140 0.083008
0.914793 0.872460
0.865460 0.557657
0.145854 0.034109
