150
0.839315 0.143746
0.961418 0.205147
0.748676 0.865424
0.112696 0.832211
0.634281 0.342241
0.756320 0.863006
0.554184 0.523622
0.713669 0.640207
0.658478 0.110209
0.925563 0.235315
0.929770 0.538551
0.354564 0.196876
0.627773 0.556857
0.691587 0.513751
0.884194 0.728264
0.263068 0.393462
0.767990 0.933544
0.378173 0.421522
0.066886 0.413962
0.158716 0.715055
0.868170 0.532413
0.066892 0.522949
0.068827 0.042764
0.549535 0.024870
0.986864 0.157885
0.169094 0.217064
0.164767 0.666148
0.750049 0.215517
0.273412 0.404590
0.604247 0.065990
0.484855 0.572271
0.573407 0.541971
0.960994 0.178875
0.719641 0.106536
0.291274 0.890009
0.929479 0.529600
0.263872 0.356404
0.463094 0.919912
0.579437 0.006839
0.706472 0.573007
0.269833 0.105164
0.981339 0.318662
0.107681 0.416245
0.630965 0.749335
0.695242 0.041976
0.390439 0.593253
0.548259 0.169572
0.073071 0.644797
0.754273 0.264309
0.800787 0.084501
0.141919 0.076702
0.813946 0.160227
0.868487 0.008902
0.101866 0.407386
0.105382 0.277416
0.353321 0.144314
0.569141 0.806732
0.146594 0.978492
0.455528 0.401774
0.084797 0.307852
0.106152 0.637240
0.118938 0.082154
0.905794 0.436469
0.138552 0.773687
0.858870 0.204384
0.562883 0.369547
0.836668 0.596510
0.318024 0.671522
0.548446 0.262389
0.603053 0.348653
0.992008 0.956636
0.564307 0.481739
0.804993 0.672880
0.526896 0.800234
0.191199 0.620675
0.736101 0.573801
0.980904 0.503842
0.084037 0.328981
0.649418 0.952098
0.098557 0.196838
0.895133 0.041083
0.347810 0.530645
0.546722 0.283124
0.991514 0.862274
0.997266 0.609818
0.516502 0.656511
0.894520 0.439743
0.161189 0.322671
0.042440 0.538612
0.986045 0.935879
0.084395 0.517396
0.977202 0.088057
0.815197 0.361792
0.143307 0.460209
0.251574 0.265684
0.727640 0.188778
0.412832 0.507378
0.950720 0.488944
0.453271 0.589541
0.502781 0.317779
0.231590 0.746257
0.080239 0.912061
0.016672 0.056990
0.922728 0.155670
0.141003 0.670103
0.782885 0.373002
0.721031 0.222968
0.925471 0.397089
0.175077 0.022173
0.835716 0.982191
0.230717 0.238927
0.255889 0.337931
0.973821 0.071186
0.537606 0.480190
0.792538 0.109905
0.167211 0.480650
0.453113 0.071106
0.265403 0.135677
0.526699 0.407227
0.048571 0.994774
0.475863 0.032748
0.882874 0.055960
0.036318 0.460949
0.973884 0.964100
0.199561 0.465377
0.750718 0.966888
0.148908 0.036125
0.740066 0.224543
0.498026 0.423627
0.966224 0.144519
0.482657 0.742851
0.443596 0.518607
0.606289 0.208788
0.316065 0.266421
0.437114 0.347435
0.042617 0.332185
0.180178 0.790240
0.593970 0.081548
0.674329 0.577833
0.058820 0.375283
0.664182 0.692274
0.974788 0.062527
0.449485 0.661654
0.736541 0.512261
0.938861 0.469493
0.138637 0.299919
0.144186 0.800567
0.470069 0.057653
0.560355 0.843607
0.644588 0.099175
