600
0.339174 0.342876
0.365365 0.848153
0.041215 0.089071
0.213651 0.988788
0.710789 0.546303
0.215830 0.907968
0.507863 0.748606
0.984702 0.708703
0.725006 0.472251
0.011799 0.839494
0.308490 0.535198
0.082342 0.560101
0.071271 0.877939
0.893310 0.939608
0.556304 0.701481
0.573188 0.537108
0.200017 0.549328
0.843940 0.404723
0.250899 0.992801
0.748970 0.607042
0.222473 0.026681
0.678715 0.339281
0.617061 0.059741
0.322209 0.297014
0.347118 0.526211
0.368640 0.021722
0.649678 0.256534
0.504423 0.327774
0.752795 0.556556
0.483609 0.236241
0.011974 0.758320
0.071056 0.312042
0.544611 0.720306
0.368400 0.905624
0.733710 0.548780
0.260159 0.846156
0.789756 0.297949
0.780152 0.093549
0.926237 0.655197
0.397958 0.469042
0.741103 0.837437
0.317619 0.268860
0.677589 0.228205
0.515961 0.135960
0.847965 0.856136
0.890379 0.347849
0.574679 0.722373
0.531848 0.044045
0.180237 0.826638
0.765038 0.441330
0.538020 0.726722
0.453928 0.838400
0.154415 0.246697
0.904276 0.424823
0.236883 0.547439
0.718903 0.227463
0.269848 0.077115
0.452762 0.449963
0.678028 0.457214
0.309529 0.265535
0.377064 0.961796
0.587994 0.174470
0.340413 0.245949
0.960123 0.992177
0.763657 0.299110
0.468929 0.525256
0.664873 0.839307
0.679735 0.620518
0.887510 0.984173
0.558508 0.561521
0.885715 0.036803
0.857970 0.815670
0.953625 0.406413
0.025496 0.803327
0.182048 0.912603
0.478668 0.685905
0.462875 0.653256
0.470649 0.580844
0.746848 0.582133
0.930300 0.756014
0.006393 0.828360
0.004942 0.643582
0.321112 0.891450
0.107500 0.146236
0.864378 0.808942
0.448630 0.355419
0.691458 0.416694
0.507805 0.802815
0.894493 0.567627
0.064320 0.553626
0.821146 0.152888
0.224375 0.920245
0.531857 0.927807
0.270871 0.498996
0.827794 0.555110
0.427299 0.932288
0.861542 0.190741
0.841583 0.745686
0.221605 0.101753
0.758005 0.722693
0.603917 0.832045
0.313037 0.017632
0.925785 0.435843
0.087565 0.183633
0.239900 0.402822
0.316715 0.961317
0.736396 0.132205
0.479181 0.380161
0.078435 0.470478
0.784719 0.621512
0.614692 0.727957
0.570000 0.894552
0.582488 0.000934
0.016279 0.068076
0.202552 0.353195
0.092661 0.255850
0.131880 0.009762
0.509155 0.542248
0.557439 0.492233
0.913172 0.839902
0.883827 0.536611
0.176717 0.614219
0.245913 0.461997
0.355872 0.557896
0.845483 0.453146
0.276404 0.358763
0.068545 0.766526
0.347603 0.585628
0.370917 0.930557
0.798984 0.016294
0.881802 0.609854
0.275227 0.651647
0.964844 0.980535
0.689685 0.568543
0.906962 0.573415
0.804261 0.689648
0.111745 0.985406
0.167518 0.080829
0.419832 0.602805
0.265262 0.252395
0.410295 0.920235
0.545518 0.910140
0.743816 0.546715
0.991650 0.235128
0.704654 0.579979
0.511820 0.556127
0.670841 0.874801
0.032031 0.667536
0.878174 0.270825
0.382739 0.482420
0.827878 0.130550
0.251726 0.575108
0.103310 0.515740
0.100591 0.854183
0.028469 0.067425
0.557986 0.215260
0.041293 0.846649
0.733491 0.883925
0.995616 0.890234
0.223750 0.714487
0.253743 0.572876
0.372663 0.303362
0.255003 0.327851
0.574560 0.982990
0.307287 0.386768
0.958432 0.786167
0.184923 0.674642
0.146573 0.567516
0.761443 0.083558
0.131226 0.708758
0.760208 0.857965
0.079240 0.105964
0.704840 0.329086
0.449706 0.923712
0.208147 0.102287
0.636049 0.634818
0.636210 0.810217
0.252376 0.637218
0.110148 0.049870
0.456906 0.937078
0.616591 0.878721
0.400128 0.319446
0.202988 0.137437
0.511728 0.759028
0.761458 0.162020
0.954836 0.405591
0.952516 0.262511
0.284819 0.410987
0.219121 0.816652
0.387559 0.158406
0.054672 0.081438
0.456218 0.626558
0.934338 0.811379
0.044834 0.267900
0.532050 0.221726
0.120407 0.309391
0.042689 0.049606
0.283577 0.512250
0.742528 0.084396
0.357792 0.903308
0.451127 0.271040
0.253185 0.719378
0.088288 0.325074
0.771578 0.947393
0.382162 0.472313
0.370242 0.831774
0.754261 0.664645
0.166959 0.869108
0.316427 0.732673
0.343662 0.285388
0.135739 0.178835
0.813315 0.354839
0.553645 0.043476
0.708948 0.070127
0.494830 0.790404
0.878259 0.419932
0.573918 0.356858
0.145144 0.348757
0.013132 0.061580
0.182453 0.315368
0.402101 0.603138
0.493034 0.542949
0.975609 0.972201
0.213116 0.110676
0.908810 0.887058
0.762460 0.921817
0.291931 0.863489
0.671661 0.403028
0.690550 0.056380
0.454421 0.992705
0.169903 0.841056
0.634409 0.621157
0.437194 0.343350
0.529308 0.723791
0.374981 0.610732
0.021125 0.100383
0.069077 0.257158
0.688778 0.740594
0.131568 0.114414
0.868019 0.539344
0.017691 0.307394
0.254598 0.559142
0.499156 0.940738
0.744022 0.446109
0.812688 0.894878
0.339926 0.813250
0.103367 0.385453
0.572101 0.356580
0.125350 0.699703
0.135046 0.766134
0.117008 0.122821
0.919185 0.694759
0.718582 0.324679
0.216566 0.174148
0.388850 0.193800
0.517373 0.870353
0.137452 0.663536
0.874166 0.207417
0.482317 0.319682
0.133497 0.129119
0.805588 0.668792
0.191274 0.489591
0.851842 0.200748
0.678634 0.794592
0.409762 0.750879
0.247597 0.537838
0.317175 0.334056
0.637321 0.668292
0.263944 0.878349
0.779347 0.727522
0.596851 0.010218
0.243148 0.117902
0.129881 0.128611
0.937550 0.927744
0.694758 0.642037
0.596286 0.242697
0.502218 0.177347
0.651299 0.396303
0.368417 0.375537
0.066974 0.682744
0.678870 0.773332
0.103808 0.673247
0.240139 0.137955
0.788038 0.846803
0.561312 0.248707
0.386002 0.270111
0.049621 0.624984
0.455198 0.738477
0.859092 0.722196
0.638893 0.136243
0.007776 0.061849
0.159379 0.215075
0.256670 0.011360
0.114755 0.595877
0.075024 0.603294
0.627309 0.925688
0.066802 0.820790
0.015105 0.802909
0.887651 0.610067
0.152949 0.569011
0.695669 0.689900
0.319854 0.668566
0.819245 0.129901
0.908913 0.960264
0.787593 0.346001
0.122624 0.056026
0.544364 0.855400
0.781625 0.739757
0.158288 0.019799
0.111845 0.737073
0.720173 0.245909
0.139134 0.941591
0.963653 0.866611
0.750882 0.118295
0.830770 0.458511
0.313546 0.039323
0.897733 0.343989
0.745617 0.092719
0.426181 0.245415
0.618352 0.036576
0.422170 0.654364
0.844572 0.713915
0.617467 0.774241
0.785647 0.101260
0.943599 0.110176
0.972699 0.933461
0.999368 0.908928
0.380775 0.379966
0.214068 0.341625
0.680114 0.187645
0.891865 0.957396
0.878197 0.516154
0.631792 0.586232
0.901360 0.613462
0.886986 0.126139
0.661616 0.809126
0.952532 0.119622
0.850525 0.562303
0.090799 0.201615
0.060977 0.380916
0.539096 0.205430
0.648813 0.424624
0.776823 0.609965
0.893392 0.223396
0.274280 0.728385
0.216444 0.071997
0.753484 0.540840
0.891540 0.055077
0.178159 0.796201
0.922149 0.449465
0.952723 0.668246
0.917722 0.382314
0.510519 0.744432
0.556446 0.152201
0.941170 0.408132
0.321027 0.987511
0.441379 0.239780
0.141401 0.551030
0.858398 0.862259
0.195617 0.783366
0.351004 0.215240
0.124835 0.355995
0.773122 0.161028
0.917391 0.763602
0.346830 0.198894
0.972644 0.369135
0.608615 0.084707
0.407371 0.982273
0.345247 0.029315
0.877462 0.276505
0.150287 0.587719
0.860050 0.541165
0.180549 0.930458
0.156226 0.024559
0.503335 0.682050
0.183194 0.717366
0.859254 0.123244
0.714688 0.116099
0.383283 0.837458
0.884578 0.374970
0.542979 0.522047
0.649648 0.238568
0.892957 0.290857
0.621502 0.791386
0.793890 0.835967
0.464178 0.551207
0.778657 0.376299
0.311910 0.475521
0.341946 0.164364
0.484001 0.473946
0.422053 0.246540
0.099209 0.391845
0.663010 0.711459
0.017777 0.895434
0.021083 0.115627
0.470234 0.646223
0.817166 0.414747
0.611011 0.003309
0.922732 0.067249
0.218496 0.552766
0.695524 0.571963
0.887972 0.287776
0.098896 0.530609
0.004792 0.917707
0.483527 0.380211
0.593828 0.979515
0.954225 0.048714
0.774082 0.225107
0.275201 0.245823
0.773318 0.364523
0.985466 0.895968
0.653877 0.841168
0.684580 0.726041
0.183482 0.036412
0.484329 0.604259
0.003513 0.240713
0.035811 0.510148
0.714533 0.453858
0.159184 0.736657
0.324142 0.769668
0.355619 0.684003
0.424513 0.486374
0.114721 0.629670
0.227709 0.389229
0.035059 0.340782
0.955743 0.499940
0.568529 0.787674
0.657904 0.749705
0.513822 0.218456
0.304157 0.226634
0.456247 0.458497
0.970381 0.886659
0.823296 0.506898
0.763744 0.286633
0.793189 0.598404
0.935001 0.739054
0.807495 0.576948
0.412187 0.486592
0.980431 0.399277
0.776911 0.136274
0.518260 0.183204
0.239563 0.124135
0.735433 0.544230
0.299924 0.813721
0.980868 0.605235
0.953692 0.041796
0.339184 0.687089
0.852436 0.664711
0.300034 0.054429
0.848670 0.151039
0.388307 0.991486
0.283960 0.847015
0.570902 0.752511
0.546477 0.728486
0.335711 0.759394
0.532925 0.572374
0.662115 0.283852
0.750683 0.936970
0.791351 0.361147
0.760673 0.411137
0.181436 0.858760
0.085441 0.759310
0.822075 0.578295
0.317798 0.403503
0.778343 0.198169
0.656449 0.456339
0.560999 0.772131
0.199863 0.150859
0.035932 0.587879
0.379457 0.628505
0.517766 0.206257
0.374513 0.707198
0.448341 0.039681
0.057134 0.187581
0.670911 0.201353
0.265646 0.742441
0.207023 0.748210
0.570796 0.923602
0.727189 0.621809
0.285981 0.444252
0.818887 0.923223
0.029099 0.120747
0.528407 0.236159
0.966929 0.248813
0.194093 0.837545
0.564672 0.787663
0.739625 0.693104
0.527343 0.053678
0.950231 0.846283
0.300802 0.889732
0.252284 0.479364
0.795034 0.248770
0.412187 0.599878
0.032143 0.440976
0.251321 0.661994
0.414847 0.288716
0.047906 0.437907
0.274388 0.755836
0.113077 0.355100
0.671573 0.596623
0.653204 0.279762
0.398359 0.197821
0.061781 0.124441
0.464188 0.950365
0.674090 0.810686
0.672677 0.112682
0.679381 0.669343
0.080397 0.200341
0.948470 0.086825
0.314047 0.196456
0.409892 0.088723
0.288524 0.396730
0.855144 0.274607
0.760889 0.602975
0.402039 0.532426
0.145668 0.161642
0.277006 0.027172
0.090120 0.973737
0.505906 0.328233
0.594328 0.602834
0.994284 0.680965
0.261625 0.663419
0.763231 0.151781
0.445806 0.863418
0.987356 0.820721
0.271322 0.757379
0.042771 0.595439
0.570099 0.536110
0.940452 0.806233
0.553193 0.226629
0.577140 0.885533
0.706348 0.937990
0.319022 0.212050
0.360122 0.891129
0.811127 0.101539
0.875796 0.534818
0.454666 0.613303
0.236006 0.368080
0.847373 0.459921
0.506604 0.810059
0.854604 0.734303
0.205737 0.302942
0.600423 0.881740
0.925862 0.042041
0.436908 0.654713
0.433479 0.658638
0.147569 0.310006
0.829834 0.985988
0.526044 0.145445
0.673383 0.051942
0.297998 0.640397
0.666789 0.839033
0.545507 0.892615
0.721678 0.461901
0.123859 0.947605
0.523078 0.427822
0.572728 0.996737
0.958229 0.581683
0.872649 0.420826
0.908102 0.677212
0.613636 0.802261
0.486019 0.921501
0.879779 0.026081
0.435250 0.007669
0.028930 0.435298
0.752840 0.869678
0.346310 0.286697
0.288397 0.034113
0.675787 0.655614
0.359985 0.578182
0.208910 0.069678
0.399744 0.900023
0.660728 0.592903
0.472651 0.182900
0.746119 0.577731
0.673292 0.053205
0.336123 0.626129
0.382542 0.308840
0.090157 0.416481
0.096124 0.775921
0.399370 0.347637
0.805599 0.250035
0.866810 0.191372
0.788473 0.868303
0.675933 0.648559
0.139441 0.678829
0.047343 0.543089
0.358559 0.778223
0.731681 0.995664
0.168666 0.297897
0.194000 0.026323
0.566881 0.198832
0.522343 0.761866
0.956177 0.831938
0.984460 0.061271
0.376313 0.050275
0.195720 0.901232
0.020583 0.383723
0.454653 0.128232
0.265718 0.106250
