1000
0.850253 0.582114
0.575996 0.715067
0.073169 0.019245
0.705336 0.684282
0.538431 0.219742
0.698083 0.416621
0.274475 0.063958
0.814374 0.170997
0.628473 0.239103
0.872097 0.773467
0.294181 0.190173
0.869840 0.161318
0.442406 0.865273
0.951517 0.686659
0.909492 0.004051
0.064847 0.781530
0.654873 0.088797
0.414851 0.365578
0.761981 0.301706
0.273922 0.550617
0.018563 0.978150
0.676359 0.940368
0.521698 0.335252
0.012126 0.499875
0.917975 0.615692
0.874661 0.012543
0.201038 0.493630
0.903328 0.478572
0.034677 0.194173
0.100107 0.293176
0.545828 0.086360
0.007575 0.923954
0.015455 0.622799
0.820168 0.773806
0.685334 0.229669
0.392722 0.484543
0.237543 0.941227
0.665979 0.998455
0.685495 0.787394
0.784399 0.555419
0.846844 0.049203
0.590106 0.063391
0.160032 0.671960
0.077033 0.669322
0.372149 0.502944
0.774071 0.023873
0.460862 0.252396
0.211132 0.962629
0.660933 0.594478
0.949464 0.504989
0.781681 0.200060
0.449123 0.298985
0.241163 0.476540
0.213945 0.065862
0.523028 0.129318
0.706250 0.451771
0.661051 0.606902
0.862466 0.349121
0.678794 0.932768
0.796193 0.634144
0.671296 0.353807
0.239529 0.542601
0.330691 0.999813
0.642700 0.704456
0.051531 0.413430
0.666698 0.870110
0.707010 0.462549
0.130863 0.868685
0.127164 0.083434
0.943189 0.519435
0.358529 0.128325
0.183094 0.707030
0.990293 0.244439
0.912062 0.787562
0.205194 0.629582
0.673922 0.959741
0.240964 0.079214
0.932805 0.208239
0.483573 0.144092
0.797339 0.115894
0.099807 0.339687
0.695898 0.025020
0.677387 0.493658
0.316080 0.755886
0.869483 0.354267
0.595555 0.306244
0.655129 0.166601
0.908374 0.876453
0.496351 0.280079
0.621033 0.103711
0.993514 0.190372
0.210581 0.093876
0.855339 0.458405
0.714336 0.982735
0.668437 0.731793
0.561912 0.263063
0.816249 0.378703
0.723356 0.098696
0.373049 0.383148
0.242466 0.230244
0.997018 0.234266
0.478839 0.365707
0.332736 0.306833
0.697984 0.492387
0.832626 0.568825
0.647797 0.611540
0.675202 0.550796
0.935327 0.607051
0.308019 0.310242
0.861223 0.465525
0.820743 0.243847
0.044181 0.846337
0.810634 0.963756
0.074361 0.552898
0.364530 0.865842
0.288626 0.758413
0.561564 0.522452
0.209203 0.555184
0.138515 0.724659
0.835688 0.393777
0.948481 0.962391
0.175331 0.781872
0.488981 0.028549
0.771100 0.832674
0.275354 0.542270
0.204405 0.036319
0.513030 0.224734
0.885324 0.619137
0.688609 0.402915
0.150355 0.138056
0.252195 0.933085
0.280948 0.458335
0.739770 0.387771
0.368781 0.444341
0.725465 0.394271
0.431035 0.191967
0.876377 0.279996
0.617750 0.750796
0.220973 0.178535
0.369391 0.015134
0.369658 0.008838
0.862750 0.154010
0.646121 0.559457
0.122490 0.772198
0.192631 0.039789
0.752799 0.365379
0.914685 0.886877
0.647560 0.223607
0.546491 0.097366
0.676569 0.841947
0.173339 0.070044
0.357522 0.898503
0.094392 0.098011
0.689452 0.770184
0.556463 0.003387
0.628750 0.663763
0.658351 0.517774
0.016725 0.374723
0.497792 0.362559
0.855370 0.313447
0.348839 0.884825
0.942815 0.887081
0.454113 0.654593
0.558579 0.318458
0.935282 0.725607
0.740020 0.219603
0.947350 0.607233
0.954363 0.040765
0.102063 0.219652
0.011173 0.046292
0.833014 0.195102
0.560651 0.064513
0.230216 0.778886
0.792084 0.519139
0.581272 0.705267
0.785936 0.587538
0.398419 0.775771
0.055568 0.066616
0.608745 0.317075
0.370767 0.375971
0.708200 0.436657
0.939658 0.811839
0.434371 0.959339
0.821790 0.361719
0.527789 0.924660
0.507503 0.181619
0.565274 0.452181
0.709755 0.877384
0.880279 0.689904
0.940476 0.196478
0.431137 0.125270
0.740869 0.005281
0.611539 0.713439
0.006815 0.386972
0.557028 0.193669
0.304259 0.056103
0.918514 0.063208
0.637784 0.544650
0.305246 0.949839
0.973841 0.056013
0.904784 0.122640
0.139757 0.608778
0.939481 0.664883
0.807928 0.565410
0.444256 0.249482
0.785591 0.341895
0.652072 0.132066
0.762696 0.526513
0.034265 0.340561
0.549442 0.541624
0.686206 0.306610
0.270802 0.349550
0.903132 0.525764
0.080984 0.224095
0.298654 0.267495
0.967237 0.946671
0.293587 0.877730
0.898912 0.515450
0.137426 0.746763
0.147086 0.303762
0.379797 0.409519
0.114105 0.911733
0.751297 0.529922
0.036208 0.245750
0.906749 0.735958
0.681796 0.972122
0.121248 0.718921
0.808921 0.868916
0.127889 0.029665
0.556209 0.902720
0.603531 0.376635
0.319125 0.982285
0.984821 0.741190
0.584314 0.151105
0.769273 0.698255
0.025823 0.226346
0.301162 0.232695
0.950390 0.598698
0.613163 0.423416
0.536835 0.385980
0.215670 0.979481
0.657468 0.010942
0.964819 0.592854
0.419780 0.565006
0.313414 0.203340
0.314120 0.882653
0.956220 0.745072
0.418331 0.535220
0.746365 0.673841
0.023485 0.685638
0.798355 0.092189
0.564407 0.629598
0.035170 0.340777
0.253895 0.333259
0.338357 0.291642
0.230255 0.798923
0.322570 0.281441
0.777653 0.629399
0.262092 0.443632
0.160048 0.202101
0.015928 0.195180
0.514793 0.240433
0.546296 0.056722
0.094152 0.412422
0.823019 0.821808
0.696286 0.720279
0.111522 0.599654
0.045548 0.683556
0.065928 0.403559
0.882267 0.494743
0.614316 0.463257
0.514234 0.464180
0.227411 0.660163
0.455616 0.700249
0.666793 0.991474
0.800847 0.736584
0.808515 0.318954
0.695359 0.072719
0.458820 0.799800
0.640776 0.511098
0.102624 0.555399
0.028758 0.316578
0.441961 0.342968
0.370773 0.512485
0.552766 0.161553
0.895507 0.740619
0.990208 0.282018
0.335030 0.347432
0.023281 0.922418
0.510466 0.855706
0.003492 0.381894
0.202738 0.942279
0.287886 0.947664
0.590764 0.178591
0.602814 0.266789
0.779327 0.748245
0.076286 0.955514
0.702435 0.360015
0.812561 0.064157
0.657083 0.457240
0.510612 0.374341
0.877726 0.568599
0.913766 0.277946
0.402271 0.833726
0.785758 0.953734
0.608149 0.788074
0.285604 0.911418
0.050787 0.816748
0.604393 0.544184
0.806199 0.552590
0.492710 0.557057
0.089825 0.223374
0.696789 0.364836
0.712791 0.510016
0.692298 0.452891
0.760504 0.905491
0.095446 0.069643
0.551713 0.338203
0.818582 0.818978
0.494189 0.921587
0.783331 0.938670
0.056074 0.032727
0.030575 0.570087
0.741495 0.565548
0.534025 0.510438
0.160854 0.653399
0.076491 0.763132
0.878486 0.281460
0.638576 0.711649
0.601673 0.479493
0.743790 0.400644
0.897306 0.823941
0.038960 0.356199
0.319912 0.443240
0.948387 0.814635
0.660922 0.516183
0.667858 0.028599
0.381813 0.896663
0.471469 0.336993
0.359130 0.294978
0.926169 0.199770
0.054486 0.310143
0.272947 0.066888
0.839095 0.812901
0.793754 0.409189
0.310824 0.921107
0.583935 0.060404
0.978669 0.243226
0.564404 0.367083
0.718563 0.281972
0.720175 0.227989
0.313331 0.862154
0.223875 0.606493
0.967903 0.394079
0.988959 0.834339
0.208396 0.891495
0.313501 0.320833
0.308997 0.752530
0.546202 0.423570
0.617034 0.502441
0.019178 0.226710
0.588688 0.724388
0.782594 0.592556
0.540629 0.195961
0.518154 0.795207
0.914326 0.628366
0.390683 0.282689
0.146129 0.042415
0.320678 0.451303
0.175822 0.909528
0.231879 0.010039
0.019909 0.042834
0.400865 0.389120
0.965180 0.879211
0.142795 0.246155
0.485243 0.270647
0.183398 0.317847
0.268670 0.166928
0.651724 0.694416
0.188825 0.111753
0.532858 0.205272
0.350976 0.816993
0.131792 0.285917
0.958130 0.136354
0.044842 0.041550
0.212665 0.742230
0.653879 0.880622
0.073055 0.751764
0.631407 0.499477
0.953450 0.662638
0.726719 0.827219
0.004768 0.718562
0.985262 0.902294
0.922477 0.714111
0.850492 0.808627
0.985768 0.257074
0.617057 0.203044
0.505674 0.647112
0.211320 0.103848
0.679843 0.490433
0.572398 0.678627
0.181914 0.316944
0.103789 0.032462
0.571577 0.279320
0.102227 0.235405
0.483744 0.301454
0.624289 0.447074
0.575897 0.622813
0.390902 0.003280
0.609424 0.697327
0.974933 0.042267
0.165981 0.316385
0.985862 0.967534
0.621883 0.389061
0.194469 0.240537
0.148828 0.585791
0.830728 0.485656
0.000524 0.185456
0.346460 0.191465
0.416499 0.423611
0.136373 0.597283
0.967441 0.488279
0.242522 0.863000
0.950255 0.403804
0.321702 0.348675
0.609040 0.370852
0.957374 0.830966
0.970871 0.609104
0.477118 0.012879
0.668885 0.899505
0.926557 0.401972
0.359276 0.338150
0.702531 0.693001
0.905761 0.855941
0.462049 0.029026
0.063721 0.687760
0.343072 0.840582
0.075859 0.144541
0.233932 0.291859
0.830674 0.811801
0.550713 0.007808
0.182607 0.320777
0.758115 0.905254
0.436818 0.460554
0.757008 0.945217
0.801381 0.404644
0.500596 0.770421
0.343296 0.988348
0.890351 0.852356
0.935429 0.464699
0.963472 0.438433
0.571836 0.473016
0.489047 0.326912
0.220172 0.190903
0.631046 0.433842
0.783295 0.421194
0.697598 0.368577
0.111834 0.946736
0.175080 0.662726
0.662432 0.060274
0.097961 0.192501
0.611462 0.277417
0.227385 0.714701
0.710658 0.362229
0.104434 0.532192
0.317997 0.909316
0.358989 0.869722
0.314351 0.543218
0.954543 0.452544
0.658346 0.388463
0.065666 0.074846
0.796205 0.393557
0.710939 0.945785
0.205322 0.700994
0.433082 0.828988
0.296839 0.283852
0.707205 0.843480
0.792570 0.938413
0.971097 0.421409
0.532371 0.223891
0.586828 0.580269
0.031555 0.264564
0.732570 0.962386
0.292394 0.312846
0.876451 0.093758
0.537998 0.864387
0.035623 0.212253
0.316261 0.994670
0.748282 0.626042
0.910591 0.880099
0.235925 0.756867
0.364753 0.038383
0.313934 0.706145
0.271629 0.261803
0.294062 0.149967
0.740110 0.361065
0.585912 0.068950
0.643373 0.439961
0.684001 0.648997
0.619996 0.787839
0.863592 0.474501
0.976891 0.458346
0.279717 0.077683
0.534336 0.469948
0.151353 0.104604
0.286040 0.301714
0.288018 0.332404
0.265697 0.078091
0.219404 0.144887
0.763683 0.959538
0.705722 0.933433
0.079696 0.991193
0.622825 0.284569
0.627422 0.330997
0.853211 0.165991
0.201222 0.998152
0.722024 0.807309
0.752483 0.827152
0.532706 0.004401
0.024412 0.765161
0.668504 0.311485
0.524071 0.311969
0.917713 0.114881
0.528457 0.977757
0.100856 0.815636
0.967321 0.881631
0.723192 0.953446
0.741043 0.153508
0.802331 0.124433
0.434135 0.165591
0.684169 0.146409
0.512930 0.151702
0.942366 0.725033
0.398325 0.668448
0.145787 0.794263
0.018533 0.820682
0.330666 0.679378
0.019276 0.386128
0.075417 0.652127
0.860604 0.784659
0.131154 0.501900
0.453707 0.190385
0.745643 0.016311
0.494336 0.499628
0.164179 0.346629
0.581608 0.782742
0.960769 0.592055
0.099235 0.507398
0.702911 0.635431
0.693669 0.165139
0.602880 0.530371
0.098820 0.457544
0.580489 0.032441
0.635928 0.304724
0.681313 0.875935
0.087169 0.947608
0.744933 0.858245
0.776692 0.390882
0.455691 0.072983
0.405690 0.256710
0.080240 0.599424
0.015275 0.197392
0.265836 0.273987
0.357843 0.478465
0.894825 0.090868
0.687011 0.300114
0.804207 0.732082
0.491418 0.716398
0.263199 0.978696
0.091270 0.204401
0.524412 0.574781
0.197370 0.932443
0.185337 0.643218
0.225086 0.085042
0.320805 0.871323
0.741703 0.373493
0.144368 0.424541
0.982501 0.536091
0.726873 0.037054
0.839512 0.473669
0.934077 0.795841
0.541544 0.579384
0.771162 0.911317
0.005542 0.150327
0.302262 0.547459
0.408316 0.621710
0.489508 0.121893
0.991481 0.957049
0.574073 0.465171
0.408282 0.498137
0.836917 0.950695
0.177275 0.878580
0.929419 0.644784
0.250240 0.344682
0.521582 0.775426
0.338629 0.531817
0.985189 0.875260
0.684537 0.522097
0.156439 0.094048
0.233140 0.815137
0.211137 0.114308
0.538769 0.672056
0.692248 0.334910
0.654171 0.097884
0.836862 0.605565
0.100688 0.554233
0.094147 0.256401
0.613882 0.122178
0.373735 0.935138
0.962670 0.322515
0.338029 0.948814
0.053900 0.132497
0.852314 0.513542
0.207891 0.828529
0.814108 0.405143
0.822237 0.813404
0.733013 0.253896
0.329973 0.448552
0.382067 0.224537
0.912481 0.089565
0.003400 0.497886
0.989454 0.437337
0.010171 0.541875
0.270407 0.535218
0.792419 0.705992
0.383842 0.842739
0.641373 0.961847
0.761860 0.221247
0.240112 0.646053
0.669939 0.921843
0.007574 0.283876
0.836790 0.935973
0.640448 0.408386
0.297215 0.159291
0.628918 0.957794
0.569518 0.104049
0.090696 0.652188
0.203364 0.668226
0.581583 0.386545
0.819622 0.752492
0.703677 0.208062
0.130342 0.584577
0.079966 0.131082
0.034253 0.224771
0.296461 0.008383
0.130394 0.842918
0.258045 0.880512
0.621847 0.315154
0.523977 0.341455
0.528921 0.089673
0.180756 0.609829
0.120628 0.431741
0.182598 0.419416
0.874398 0.281897
0.623775 0.856396
0.282782 0.246796
0.833293 0.888136
0.030423 0.066758
0.527981 0.675484
0.783456 0.078978
0.865280 0.124372
0.223898 0.767802
0.002723 0.249588
0.249154 0.323041
0.187333 0.652404
0.137621 0.379101
0.635626 0.928333
0.102786 0.317152
0.392935 0.181323
0.920957 0.419414
0.617877 0.248143
0.434112 0.455140
0.000464 0.636565
0.995065 0.100477
0.528809 0.116100
0.409871 0.994508
0.829828 0.087286
0.153192 0.327150
0.094061 0.848859
0.685357 0.604732
0.956566 0.132426
0.165647 0.078396
0.455483 0.957868
0.217235 0.254512
0.638643 0.155068
0.437169 0.117409
0.990765 0.471330
0.867930 0.488828
0.640592 0.202017
0.194115 0.472040
0.010902 0.602365
0.401446 0.573427
0.115792 0.465844
0.428442 0.752829
0.201763 0.782966
0.998879 0.573909
0.315856 0.592236
0.608299 0.847531
0.362063 0.744238
0.923951 0.815716
0.575175 0.785704
0.355139 0.925739
0.875342 0.221862
0.033574 0.352152
0.728621 0.994512
0.151179 0.517393
0.496112 0.205841
0.496997 0.058991
0.756697 0.714263
0.278486 0.221884
0.058278 0.238966
0.086756 0.551505
0.362806 0.555634
0.231398 0.623495
0.573534 0.630226
0.982063 0.885513
0.338976 0.326888
0.774807 0.678837
0.356695 0.361831
0.124637 0.572051
0.197430 0.373263
0.370505 0.915427
0.191825 0.959213
0.532879 0.065682
0.295011 0.358525
0.328594 0.840251
0.732359 0.046154
0.553813 0.039445
0.141740 0.672880
0.504436 0.360092
0.263389 0.988595
0.424228 0.830944
0.613543 0.691362
0.021769 0.128658
0.403405 0.686514
0.736456 0.489945
0.978465 0.613923
0.773842 0.224723
0.225238 0.337304
0.073597 0.667828
0.570252 0.172594
0.907991 0.220880
0.373122 0.591756
0.280367 0.828246
0.231421 0.236625
0.502541 0.653381
0.767341 0.046730
0.425073 0.247337
0.164276 0.924804
0.026472 0.622869
0.195579 0.017685
0.281644 0.872517
0.120126 0.459062
0.822358 0.308993
0.736847 0.492642
0.590225 0.472342
0.426794 0.036756
0.689058 0.944314
0.265315 0.119472
0.926480 0.684186
0.738223 0.203497
0.784678 0.417721
0.283372 0.794700
0.141704 0.599066
0.889874 0.994962
0.191000 0.112415
0.340299 0.556519
0.216522 0.939526
0.459490 0.851618
0.654815 0.047643
0.795798 0.914134
0.193760 0.097036
0.625212 0.521506
0.682819 0.317431
0.677801 0.092645
0.285428 0.131782
0.348806 0.692729
0.248812 0.140295
0.752014 0.497210
0.075338 0.040962
0.203325 0.165767
0.583179 0.811216
0.712873 0.037163
0.503408 0.433590
0.371440 0.183446
0.661281 0.011406
0.599331 0.382558
0.585458 0.839623
0.797659 0.986348
0.607982 0.157739
0.411878 0.991259
0.906870 0.538544
0.382764 0.045855
0.879851 0.483013
0.484113 0.362795
0.354216 0.714885
0.680742 0.304237
0.321007 0.091164
0.108670 0.968932
0.195961 0.759378
0.392812 0.939800
0.941581 0.974089
0.925923 0.679785
0.813712 0.813542
0.209459 0.021998
0.462988 0.477133
0.696189 0.151065
0.616440 0.644531
0.160090 0.429314
0.199601 0.151033
0.795802 0.112640
0.482228 0.427543
0.235626 0.699946
0.005080 0.560753
0.311635 0.612008
0.222754 0.710991
0.596414 0.790871
0.550898 0.958925
0.999336 0.975754
0.699610 0.517615
0.452784 0.216961
0.646377 0.417858
0.803619 0.895711
0.771644 0.153710
0.606581 0.668414
0.078592 0.667053
0.318256 0.654245
0.130814 0.501661
0.459768 0.417528
0.995716 0.557493
0.637857 0.180745
0.608108 0.811048
0.195629 0.920012
0.793208 0.830513
0.753698 0.941078
0.712386 0.304200
0.182967 0.219523
0.318976 0.091835
0.953700 0.422750
0.732223 0.795660
0.852016 0.830203
0.422880 0.065692
0.384792 0.394249
0.115631 0.955405
0.279595 0.762171
0.372870 0.081430
0.449608 0.582797
0.268108 0.519211
0.585725 0.146826
0.231736 0.492656
0.432114 0.825995
0.624592 0.458629
0.568666 0.151555
0.788126 0.227504
0.990893 0.699117
0.660065 0.763812
0.568698 0.414391
0.361311 0.224850
0.777092 0.121875
0.854898 0.182422
0.850713 0.807216
0.967756 0.107575
0.525416 0.825328
0.094896 0.702472
0.105350 0.919944
0.530499 0.413043
0.102766 0.596934
0.420452 0.218481
0.935949 0.813941
0.321920 0.987737
0.099842 0.218181
0.792598 0.069475
0.776423 0.393889
0.466990 0.742131
0.389034 0.249721
0.283178 0.237081
0.264267 0.697138
0.329134 0.974078
0.026769 0.117697
0.087914 0.748645
0.699618 0.111135
0.578925 0.991583
0.020956 0.594396
0.292091 0.594368
0.872361 0.329182
0.835540 0.490037
0.727001 0.550197
0.200321 0.053039
0.179522 0.501803
0.479220 0.994605
0.809691 0.386753
0.778630 0.017085
0.569192 0.653558
0.780914 0.215394
0.185889 0.662418
0.950710 0.812982
0.350323 0.413574
0.694403 0.105502
0.959964 0.073927
0.657429 0.346699
0.408791 0.770863
0.257509 0.555525
0.333622 0.156608
0.198326 0.414747
0.820892 0.710426
0.536115 0.547454
0.107189 0.324475
0.196589 0.725555
0.127661 0.440058
0.751968 0.686341
0.422544 0.313383
0.264934 0.052431
0.946154 0.718456
0.619807 0.189854
0.801435 0.583336
0.724434 0.913597
0.799404 0.744478
0.354377 0.897299
0.062367 0.180500
0.370758 0.006769
0.911306 0.718279
0.352824 0.519219
0.859186 0.953075
0.425981 0.880984
0.001678 0.154115
0.432555 0.854909
0.819778 0.951727
0.620675 0.608316
0.126795 0.922917
0.465589 0.010390
0.802473 0.152887
0.800917 0.195034
0.097458 0.191069
0.796127 0.219167
0.225514 0.579906
0.210572 0.507041
0.845740 0.213372
0.826123 0.775619
0.318129 0.791606
0.195053 0.573951
0.731819 0.270226
0.905066 0.742882
0.561689 0.380742
0.253253 0.180674
0.538035 0.934112
0.144137 0.376024
0.818376 0.360846
0.206948 0.716790
0.077562 0.675130
0.345210 0.561312
0.787757 0.820354
0.431970 0.756819
0.933808 0.098188
0.252944 0.707208
0.534780 0.831498
0.532524 0.856337
0.693915 0.304408
0.186220 0.226209
0.129540 0.218414
0.286787 0.961299
0.276760 0.600087
0.427117 0.421757
0.285859 0.165291
0.187864 0.183749
0.997460 0.207410
0.459056 0.693763
0.525990 0.429737
0.459247 0.680773
0.900619 0.887806
0.632438 0.540581
0.245707 0.552611
0.920995 0.703694
0.270581 0.713192
0.776424 0.412113
0.335113 0.050138
0.951428 0.156201
0.448211 0.196480
0.299147 0.758683
0.858657 0.421686
0.433441 0.323872
0.249676 0.722560
0.788622 0.720013
0.430619 0.219454
0.798931 0.375406
0.638733 0.545289
0.209540 0.202825
0.818152 0.595879
0.905096 0.887664
0.143333 0.518338
0.197003 0.782135
0.022922 0.267425
0.886807 0.657048
0.142732 0.076156
0.239973 0.939988
0.680409 0.197906
0.956738 0.102347
0.954146 0.592024
0.941781 0.967082
0.573195 0.594711
0.111526 0.635018
