30
0.400000 0.600000 0.850000 0.200000
0.49189 0.608712 0.300762 0.591911
0.49189 0.608712 0.300612 0.643802
0.439893 0.737027 0.300612 0.643802
0.439893 0.737027 0.303109 0.669193
0.439893 0.737027 0.267721 0.700863
0.5217 0.772525 0.267721 0.700863
0.5217 0.772525 0.235401 0.787093
0.509716 0.864872 0.235401 0.787093
0.364114 0.85483 0.235401 0.787093
0.125701 0.771258 0.235401 0.787093
0.235401 0.787093 0.099082 0.747655
0.235401 0.787093 0.159397 0.638759
0.286635 0.561936 0.159397 0.638759
0.286635 0.561936 0.049977 0.632922
0.260302 0.557057 0.049977 0.632922
0.260302 0.557057 0.116068 0.416006
0.384461 0.46142 0.116068 0.416006
0.691326 0.451237 0.116068 0.416006
0.600138 0.387109 0.116068 0.416006
0.600138 0.387109 0.011389 0.273135
0.600138 0.387109 0.433361 0.345142
0.642047 0.366989 0.433361 0.345142
0.642047 0.366989 0.441618 0.334964
0.976135 0.332799 0.441618 0.334964
0.976135 0.332799 0.446887 0.321845
0.976135 0.332799 0.700483 0.311474
0.907794 0.28589 0.700483 0.311474
0.907794 0.28589 0.77717 0.253815
0.90127 0.187702 0.77717 0.253815
