200
0.302189 0.679281
0.874809 0.218342
0.532359 0.000213
0.094651 0.227789
0.699751 0.343425
0.593555 0.665827
0.955204 0.475029
0.395055 0.022596
0.893914 0.265528
0.556610 0.370466
0.143591 0.770333
0.259901 0.138494
0.266154 0.179234
0.792392 0.396993
0.730193 0.289660
0.385947 0.464789
0.292563 0.058215
0.655429 0.293284
0.561726 0.022418
0.788291 0.971629
0.997366 0.470243
0.887043 0.026509
0.372093 0.431319
0.881616 0.264919
0.554878 0.350673
0.324537 0.548181
0.173139 0.783251
0.713817 0.431620
0.744065 0.779731
0.965493 0.346909
0.092847 0.318224
0.679870 0.646271
0.178546 0.126002
0.190630 0.031384
0.269876 0.085129
0.142673 0.832943
0.669061 0.409895
0.869940 0.028615
0.646787 0.339472
0.135708 0.642017
0.056982 0.035738
0.667624 0.497955
0.877025 0.567577
0.264786 0.491778
0.786654 0.264816
0.903353 0.515867
0.754509 0.856414
0.871114 0.359957
0.969647 0.348502
0.530827 0.963937
0.750234 0.565095
0.558274 0.632678
0.577749 0.752885
0.835632 0.246434
0.721583 0.784623
0.086889 0.276781
0.207735 0.631274
0.669087 0.105186
0.567743 0.627470
0.441936 0.399208
0.599218 0.912446
0.950495 0.539864
0.605878 0.322818
0.876194 0.975539
0.673855 0.263958
0.408491 0.034077
0.588405 0.515242
0.718907 0.242270
0.959629 0.636579
0.383921 0.096147
0.207553 0.497958
0.262816 0.621501
0.348841 0.502366
0.215222 0.850966
0.564164 0.691826
0.737627 0.909951
0.235718 0.450652
0.170646 0.336522
0.710277 0.304457
0.536175 0.419249
0.040686 0.366491
0.644592 0.311039
0.620427 0.947009
0.119134 0.720523
0.995974 0.032703
0.549449 0.904382
0.267968 0.684186
0.115732 0.995322
0.863851 0.163294
0.896156 0.051456
0.101084 0.078374
0.637894 0.030505
0.631625 0.415236
0.641553 0.799046
0.120330 0.226528
0.300973 0.326167
0.211179 0.685939
0.116376 0.011895
0.931513 0.051595
0.346436 0.105977
0.183291 0.349045
0.631432 0.375356
0.486195 0.483497
0.130335 0.330227
0.920901 0.725254
0.821083 0.827600
0.641367 0.808029
0.229592 0.866534
0.592647 0.336279
0.858430 0.756907
0.908129 0.829222
0.477703 0.480288
0.475280 0.498376
0.257546 0.641149
0.268158 0.739807
0.529900 0.062966
0.881303 0.789200
0.736911 0.737457
0.673429 0.578785
0.266199 0.318700
0.852266 0.969207
0.552858 0.027273
0.917012 0.121162
0.124393 0.699826
0.366132 0.475172
0.386132 0.774597
0.608267 0.180998
0.117017 0.327407
0.481881 0.279505
0.998177 0.226893
0.601911 0.839963
0.213477 0.933671
0.675441 0.619559
0.607127 0.694208
0.661485 0.599334
0.538982 0.946148
0.617086 0.105997
0.743576 0.483948
0.336243 0.517177
0.833760 0.287647
0.239133 0.573764
0.024370 0.402255
0.867861 0.394338
0.018517 0.876357
0.573873 0.709117
0.564544 0.714344
0.370889 0.875742
0.723170 0.993522
0.002903 0.677722
0.907497 0.842526
0.731545 0.910334
0.219712 0.118599
0.771519 0.845173
0.495121 0.823161
0.173063 0.826140
0.417626 0.050175
0.142971 0.537032
0.375431 0.497505
0.850823 0.722137
0.877720 0.778319
0.001891 0.253824
0.528949 0.549790
0.707447 0.776640
0.839166 0.804376
0.788536 0.990348
0.425951 0.287662
0.831419 0.976546
0.210491 0.278541
0.517709 0.885294
0.947769 0.444711
0.059624 0.239091
0.290486 0.286130
0.233782 0.404026
0.269588 0.656619
0.812646 0.975556
0.731748 0.737010
0.240266 0.116519
0.517071 0.616722
0.196934 0.853067
0.756714 0.537498
0.509636 0.136750
0.496926 0.785415
0.412113 0.035978
0.849093 0.552643
0.791443 0.538354
0.956211 0.871495
0.469005 0.356227
0.920164 0.182685
0.160979 0.069055
0.481623 0.867178
0.245371 0.360943
0.507909 0.083536
0.671178 0.534694
0.804511 0.284559
0.972863 0.283277
0.034351 0.671714
0.863481 0.530704
0.370895 0.225584
0.734181 0.801051
0.220764 0.351699
