2000
0.381639 0.217725
0.729223 0.385424
0.649298 0.755097
0.735630 0.128393
0.665245 0.599915
0.763593 0.341509
0.360244 0.336772
0.810842 0.674109
0.159592 0.403872
0.813319 0.906752
0.272769 0.334844
0.033742 0.914506
0.182900 0.811697
0.422683 0.628631
0.466329 0.522498
0.598049 0.851117
0.282786 0.596205
0.562147 0.302962
0.879921 0.188812
0.077004 0.345112
0.889733 0.450535
0.428457 0.323327
0.057707 0.438038
0.862192 0.698595
0.815801 0.898111
0.592574 0.079937
0.703533 0.730444
0.880903 0.026278
0.774745 0.732856
0.191526 0.754381
0.985793 0.144275
0.134166 0.185108
0.618602 0.460319
0.480309 0.694429
0.773854 0.511375
0.844054 0.759982
0.965140 0.524884
0.991464 0.516972
0.124171 0.088432
0.120898 0.500633
0.079893 0.276764
0.520062 0.617208
0.237664 0.303982
0.158517 0.956391
0.038605 0.902593
0.085308 0.747594
0.518967 0.230801
0.956047 0.584736
0.314912 0.172798
0.500273 0.158543
0.075064 0.779146
0.266918 0.523786
0.846930 0.916166
0.318118 0.985203
0.680442 0.434666
0.043194 0.549290
0.591446 0.962662
0.716511 0.816069
0.781887 0.992388
0.660355 0.192862
0.003495 0.320099
0.641087 0.808102
0.636383 0.723060
0.453282 0.631758
0.858038 0.402368
0.962756 0.636804
0.857671 0.066427
0.445785 0.973413
0.035183 0.729567
0.079585 0.892728
0.003293 0.518245
0.483351 0.140423
0.858525 0.670031
0.658131 0.683663
0.372431 0.701577
0.084984 0.829763
0.674008 0.441509
0.394439 0.808029
0.867209 0.144991
0.000708 0.369780
0.952056 0.937529
0.646345 0.474893
0.891568 0.830035
0.718045 0.825423
0.850052 0.158504
0.184996 0.220376
0.812943 0.865693
0.193114 0.211010
0.723301 0.056473
0.712055 0.513602
0.925822 0.624762
0.971681 0.482049
0.405595 0.688677
0.357180 0.319518
0.024132 0.974641
0.366223 0.652550
0.688009 0.067493
0.938880 0.042349
0.521733 0.591430
0.523484 0.403683
0.773995 0.294050
0.767305 0.977947
0.310057 0.280177
0.203802 0.246446
0.405746 0.675349
0.531135 0.048835
0.221351 0.552406
0.756344 0.794725
0.338617 0.736654
0.052491 0.497847
0.844942 0.746904
0.165728 0.307382
0.709331 0.542729
0.687617 0.460585
0.340833 0.772722
0.855931 0.379577
0.069082 0.146874
0.523599 0.219124
0.969315 0.778802
0.935164 0.383776
0.761265 0.857140
0.605155 0.537367
0.136464 0.684448
0.993504 0.750716
0.484755 0.206303
0.816523 0.222582
0.364324 0.451571
0.127752 0.714951
0.118151 0.342875
0.510975 0.619480
0.823860 0.170262
0.988461 0.866798
0.903529 0.266646
0.664236 0.700411
0.957162 0.970809
0.209914 0.531367
0.382682 0.868477
0.080808 0.634077
0.145346 0.670882
0.491726 0.483774
0.834269 0.311605
0.167707 0.912969
0.359971 0.195884
0.671541 0.947621
0.297903 0.365751
0.257802 0.058583
0.284628 0.109977
0.223400 0.846050
0.077456 0.986578
0.248503 0.258507
0.586972 0.312189
0.295022 0.860557
0.388281 0.133638
0.087458 0.291945
0.055052 0.942626
0.873803 0.427657
0.043868 0.817126
0.589755 0.348399
0.554250 0.256745
0.171623 0.930753
0.131245 0.866088
0.025627 0.445854
0.781694 0.242238
0.357944 0.383182
0.688517 0.049318
0.780921 0.168566
0.644772 0.505406
0.850491 0.743002
0.584611 0.622789
0.205999 0.940462
0.327398 0.665958
0.203466 0.487041
0.909341 0.182050
0.229502 0.686295
0.284380 0.332911
0.377391 0.348061
0.040181 0.318077
0.686981 0.263649
0.316623 0.118114
0.273823 0.027648
0.386872 0.000277
0.746644 0.043122
0.258926 0.541721
0.332558 0.707979
0.605615 0.288667
0.517227 0.013864
0.853855 0.824891
0.230941 0.163002
0.230233 0.975380
0.217661 0.408836
0.456781 0.477636
0.059174 0.340410
0.716606 0.013408
0.850923 0.451639
0.567882 0.795000
0.152055 0.372153
0.888061 0.393495
0.303407 0.683118
0.535918 0.250373
0.019989 0.080612
0.354872 0.405650
0.524872 0.863003
0.328936 0.103865
0.305213 0.169494
0.741259 0.217175
0.972637 0.707561
0.358495 0.156904
0.854934 0.045238
0.542815 0.727966
0.790456 0.431877
0.538549 0.486154
0.667886 0.513213
0.045400 0.605813
0.202049 0.895153
0.954822 0.203063
0.514108 0.700890
0.504563 0.968376
0.860803 0.093800
0.834294 0.626134
0.468015 0.545342
0.174297 0.414157
0.869371 0.496705
0.381523 0.944474
0.932451 0.405278
0.654662 0.096327
0.870620 0.298007
0.642238 0.654767
0.350690 0.302230
0.126192 0.150549
0.635549 0.302124
0.341459 0.322804
0.005028 0.159969
0.605229 0.957018
0.426433 0.117926
0.187436 0.453679
0.960887 0.799759
0.624133 0.106152
0.672134 0.873797
0.553651 0.112236
0.922258 0.254893
0.400965 0.766130
0.883956 0.918876
0.110471 0.876113
0.030101 0.147136
0.656029 0.362413
0.430470 0.234909
0.871356 0.048808
0.677710 0.060877
0.150011 0.170594
0.924019 0.640518
0.441478 0.419547
0.691828 0.154345
0.855763 0.904443
0.668618 0.537778
0.919913 0.911255
0.498189 0.553402
0.563911 0.797274
0.856237 0.514033
0.943298 0.551698
0.283908 0.329272
0.685338 0.932406
0.378167 0.262961
0.145221 0.372773
0.144185 0.153635
0.781808 0.218773
0.301216 0.136467
0.014092 0.196016
0.688495 0.966074
0.233352 0.189825
0.291120 0.318841
0.180771 0.978262
0.587650 0.682295
0.878863 0.502562
0.700318 0.822555
0.105567 0.340263
0.443803 0.382708
0.865209 0.570419
0.787942 0.342403
0.136754 0.943141
0.533136 0.471280
0.409694 0.543622
0.886281 0.169579
0.191178 0.889312
0.506836 0.700544
0.898760 0.956369
0.765375 0.945671
0.007029 0.747360
0.759700 0.292320
0.298680 0.451138
0.898935 0.161353
0.891468 0.095785
0.556679 0.809681
0.155702 0.639608
0.640368 0.678249
0.164495 0.524711
0.359702 0.881630
0.325959 0.049513
0.661897 0.852556
0.071105 0.701507
0.172549 0.950642
0.558017 0.916713
0.666392 0.960058
0.695873 0.451294
0.150119 0.805671
0.599302 0.022636
0.243832 0.772968
0.385087 0.863815
0.370271 0.803334
0.710311 0.346210
0.992111 0.167640
0.749168 0.810750
0.406606 0.449678
0.678180 0.394626
0.185298 0.315417
0.433186 0.965885
0.612692 0.309364
0.549158 0.116776
0.277334 0.577031
0.887548 0.804934
0.534843 0.236788
0.249944 0.914427
0.524253 0.165291
0.756525 0.094569
0.666013 0.750869
0.833023 0.355141
0.436625 0.100149
0.983217 0.947135
0.835654 0.362155
0.749686 0.816295
0.312326 0.660201
0.697069 0.695006
0.750876 0.520682
0.095793 0.355051
0.988078 0.514385
0.671350 0.745712
0.620871 0.128473
0.109608 0.516670
0.013751 0.986780
0.899639 0.402445
0.813932 0.656731
0.312271 0.587593
0.710549 0.301497
0.850759 0.898071
0.244786 0.136863
0.105703 0.284867
0.236056 0.359206
0.711808 0.412790
0.540939 0.593932
0.547682 0.892739
0.332545 0.434791
0.991895 0.352025
0.974067 0.576254
0.067615 0.539954
0.583531 0.084748
0.371010 0.784185
0.540535 0.646777
0.684715 0.075066
0.803434 0.312842
0.059337 0.839834
0.403287 0.534525
0.088149 0.373962
0.889047 0.467792
0.249749 0.030133
0.336271 0.704652
0.741054 0.825047
0.348358 0.141597
0.659711 0.430791
0.683671 0.725354
0.227797 0.808417
0.589216 0.836744
0.968560 0.982488
0.017705 0.453098
0.400979 0.050570
0.162579 0.223344
0.558340 0.793131
0.422287 0.445815
0.446833 0.246716
0.493158 0.340160
0.068756 0.656962
0.986848 0.140964
0.661721 0.789915
0.774082 0.305070
0.105629 0.227424
0.360153 0.264026
0.464011 0.849907
0.535150 0.231527
0.025805 0.670869
0.833399 0.049184
0.173795 0.769711
0.998766 0.170802
0.258751 0.212416
0.823466 0.827618
0.024104 0.410682
0.207600 0.680153
0.385088 0.171132
0.144828 0.805791
0.576993 0.921361
0.753047 0.810758
0.637039 0.968970
0.622025 0.696146
0.252056 0.752589
0.584507 0.548570
0.653285 0.074509
0.207731 0.293882
0.291777 0.247252
0.859540 0.939293
0.464537 0.338950
0.150935 0.825952
0.568786 0.949482
0.573039 0.834327
0.672061 0.233268
0.772597 0.968223
0.841633 0.926422
0.393594 0.570939
0.416625 0.934668
0.550922 0.850797
0.824643 0.595135
0.352747 0.634363
0.086535 0.134212
0.647071 0.732094
0.959025 0.770492
0.678663 0.809733
0.606218 0.012071
0.213818 0.726830
0.016464 0.938947
0.580796 0.377670
0.549791 0.477060
0.020073 0.879679
0.338769 0.798112
0.595416 0.853621
0.660337 0.880585
0.470031 0.474326
0.368908 0.187837
0.098432 0.650256
0.008732 0.663424
0.340835 0.412807
0.712876 0.383421
0.882469 0.678074
0.248433 0.316439
0.322969 0.363208
0.414130 0.807575
0.362727 0.653612
0.194539 0.725260
0.735908 0.183527
0.000491 0.373429
0.519389 0.619900
0.258423 0.656926
0.177081 0.898228
0.567755 0.492156
0.949197 0.818988
0.491942 0.238320
0.091222 0.293293
0.078132 0.786517
0.431774 0.366076
0.432207 0.463221
0.484729 0.984512
0.130446 0.639014
0.417735 0.370325
0.442776 0.090493
0.055470 0.407279
0.922346 0.978180
0.677791 0.641215
0.887335 0.889303
0.263534 0.376212
0.464158 0.570028
0.083999 0.604484
0.004871 0.560817
0.397498 0.188674
0.718816 0.175447
0.094249 0.571243
0.628372 0.381964
0.452313 0.481478
0.466780 0.486915
0.836267 0.031420
0.397789 0.784753
0.094279 0.450698
0.121140 0.912286
0.392398 0.246120
0.221847 0.992304
0.398928 0.772245
0.768313 0.461635
0.702507 0.611630
0.812228 0.427224
0.432439 0.834647
0.319069 0.242312
0.487268 0.610617
0.128128 0.966263
0.550508 0.790737
0.550403 0.751896
0.686349 0.289394
0.845723 0.848537
0.247148 0.438143
0.550876 0.468479
0.763127 0.432263
0.997979 0.605415
0.982473 0.055372
0.336939 0.749858
0.818267 0.165317
0.898643 0.467714
0.858156 0.417814
0.565855 0.719105
0.373124 0.569588
0.893990 0.271334
0.932436 0.090010
0.483782 0.089962
0.950923 0.078195
0.728196 0.048972
0.708214 0.629499
0.220463 0.066886
0.537901 0.205975
0.132391 0.747807
0.259755 0.041566
0.584097 0.619096
0.438276 0.348010
0.162913 0.972493
0.039891 0.748423
0.576757 0.936052
0.441676 0.356308
0.893135 0.877390
0.193846 0.544891
0.484468 0.498455
0.178545 0.986563
0.639179 0.042758
0.215613 0.722778
0.396115 0.614971
0.262229 0.386436
0.997383 0.496085
0.530224 0.468989
0.045199 0.188762
0.703900 0.241221
0.913141 0.990495
0.420785 0.702003
0.794389 0.480871
0.936898 0.705464
0.742977 0.395475
0.297154 0.831423
0.929380 0.704518
0.146605 0.209649
0.836166 0.561324
0.430971 0.140617
0.076397 0.662208
0.897354 0.440860
0.442619 0.835352
0.065112 0.241843
0.710803 0.295995
0.319286 0.012474
0.861309 0.400820
0.982631 0.844820
0.775128 0.115915
0.013525 0.732926
0.180520 0.602762
0.978929 0.369784
0.050701 0.167693
0.212302 0.723319
0.480041 0.682022
0.065057 0.113508
0.776768 0.501967
0.141070 0.714001
0.468002 0.229887
0.029502 0.018920
0.339499 0.048890
0.173604 0.718007
0.900315 0.429048
0.547542 0.093135
0.756428 0.183403
0.759955 0.911152
0.076122 0.687714
0.668379 0.472770
0.059291 0.836985
0.341680 0.670905
0.936172 0.546815
0.738352 0.736118
0.976714 0.598730
0.476107 0.091162
0.334308 0.105416
0.781884 0.994530
0.778690 0.181185
0.922012 0.241816
0.710286 0.220743
0.444285 0.228497
0.117390 0.538432
0.222592 0.589878
0.888325 0.989331
0.058375 0.236687
0.973990 0.450113
0.137998 0.824152
0.875768 0.266258
0.969717 0.336742
0.189400 0.985038
0.770641 0.620471
0.933379 0.329472
0.904928 0.407991
0.569275 0.468837
0.748935 0.047357
0.363023 0.765498
0.187054 0.805076
0.943780 0.391304
0.590583 0.188553
0.872916 0.072983
0.872329 0.527927
0.650935 0.738044
0.865706 0.618641
0.498056 0.153821
0.245441 0.074814
0.269410 0.341438
0.386537 0.217840
0.224401 0.701547
0.053564 0.588429
0.452224 0.169239
0.278605 0.910498
0.380225 0.899989
0.031848 0.679447
0.186927 0.615244
0.500734 0.926563
0.849279 0.480869
0.318786 0.735975
0.752260 0.139912
0.521171 0.415628
0.903539 0.878974
0.080793 0.271208
0.672054 0.305294
0.313386 0.956427
0.714726 0.224653
0.399483 0.212653
0.050329 0.731225
0.673400 0.407261
0.897752 0.274354
0.399928 0.888377
0.136738 0.329816
0.316084 0.975694
0.548054 0.874593
0.798382 0.288209
0.939015 0.048410
0.885717 0.582441
0.545390 0.222830
0.620649 0.007991
0.362195 0.435391
0.076513 0.338685
0.618109 0.992031
0.652044 0.375459
0.463379 0.533230
0.859847 0.464176
0.121445 0.731935
0.646828 0.067380
0.515330 0.187091
0.536664 0.257314
0.431834 0.083579
0.787584 0.657012
0.471730 0.869880
0.488177 0.894195
0.255105 0.235337
0.895276 0.946362
0.501186 0.896847
0.066385 0.029429
0.737100 0.561006
0.394767 0.168810
0.507159 0.263438
0.454903 0.453695
0.696371 0.507086
0.155158 0.195510
0.763876 0.308784
0.129419 0.461873
0.886593 0.337458
0.170650 0.981841
0.839764 0.060000
0.735566 0.592402
0.357153 0.714795
0.051260 0.705304
0.939531 0.554005
0.193340 0.509628
0.618164 0.777370
0.725033 0.038416
0.380020 0.090318
0.466548 0.020451
0.327991 0.134993
0.309154 0.756526
0.483757 0.222716
0.795254 0.425840
0.576452 0.940277
0.192624 0.898151
0.867445 0.678674
0.405541 0.521087
0.794442 0.312883
0.357873 0.753507
0.721455 0.373991
0.358559 0.920630
0.191858 0.790937
0.613122 0.296342
0.501923 0.777483
0.510973 0.710920
0.268231 0.668395
0.705133 0.799784
0.314813 0.424949
0.283518 0.086372
0.198518 0.737260
0.698924 0.376793
0.232085 0.152924
0.265516 0.106904
0.650408 0.630815
0.729130 0.377157
0.855342 0.350753
0.985290 0.022257
0.100496 0.677565
0.154433 0.761407
0.691073 0.270901
0.794082 0.379622
0.952264 0.542521
0.358770 0.162714
0.450899 0.593544
0.567136 0.252574
0.470824 0.842269
0.767475 0.422152
0.168267 0.233182
0.716051 0.236018
0.477823 0.424441
0.439574 0.823177
0.962349 0.803542
0.797434 0.962594
0.944030 0.875631
0.912418 0.361256
0.312412 0.387862
0.495376 0.572716
0.057736 0.093511
0.272913 0.081003
0.346398 0.023126
0.817405 0.404157
0.732810 0.381227
0.366680 0.153108
0.949345 0.666121
0.621850 0.383158
0.221567 0.270795
0.561406 0.653110
0.691895 0.618397
0.221076 0.761492
0.273237 0.919416
0.707741 0.343869
0.192100 0.063604
0.680007 0.566395
0.508598 0.356158
0.079107 0.686542
0.007604 0.210510
0.685881 0.384046
0.006235 0.622240
0.800253 0.909370
0.589474 0.638056
0.685016 0.411940
0.927055 0.427907
0.485631 0.996207
0.129019 0.553074
0.213244 0.251919
0.476330 0.740351
0.869799 0.763023
0.969483 0.382501
0.159554 0.361836
0.190445 0.130840
0.535453 0.775897
0.374130 0.053223
0.410857 0.413902
0.460559 0.767198
0.972420 0.731041
0.693126 0.394294
0.474434 0.954319
0.222716 0.822892
0.447267 0.686968
0.317444 0.114060
0.565473 0.530606
0.491125 0.473515
0.167144 0.045995
0.056193 0.161649
0.516212 0.366594
0.430384 0.501296
0.193300 0.556778
0.887355 0.124799
0.137048 0.537254
0.393702 0.642186
0.479376 0.242611
0.646050 0.011621
0.126007 0.733546
0.478806 0.699261
0.793697 0.144123
0.955156 0.909050
0.265247 0.191381
0.243274 0.789950
0.068891 0.330375
0.677467 0.984822
0.204271 0.320292
0.192160 0.207612
0.305655 0.218954
0.603693 0.058978
0.006618 0.553921
0.295804 0.334276
0.093105 0.135523
0.509290 0.280060
0.364691 0.645239
0.396871 0.676127
0.249982 0.629767
0.306436 0.284282
0.047138 0.079573
0.528130 0.070263
0.989892 0.770316
0.909482 0.475773
0.033142 0.546070
0.299582 0.528151
0.562398 0.283612
0.364365 0.882890
0.749559 0.926605
0.676931 0.665766
0.268544 0.456358
0.641582 0.565568
0.553057 0.870419
0.844478 0.960307
0.682335 0.389883
0.080150 0.642014
0.218376 0.800321
0.430267 0.529544
0.065713 0.039282
0.963492 0.679843
0.180058 0.036831
0.175522 0.594165
0.351190 0.123675
0.890090 0.744508
0.300087 0.448694
0.180648 0.537526
0.337622 0.502732
0.239449 0.809506
0.182091 0.484462
0.782333 0.453740
0.997058 0.159952
0.758839 0.771815
0.469925 0.464401
0.440700 0.803480
0.579345 0.972377
0.411286 0.425021
0.229184 0.095714
0.910902 0.712659
0.100434 0.073748
0.583840 0.458440
0.710633 0.185816
0.073042 0.667875
0.820366 0.548655
0.497432 0.468612
0.268111 0.623558
0.833014 0.433778
0.437319 0.054626
0.289983 0.839133
0.207051 0.007180
0.806063 0.999016
0.514961 0.078812
0.686681 0.128838
0.238667 0.226372
0.265796 0.176424
0.308359 0.159328
0.632817 0.314321
0.045747 0.236276
0.552088 0.314608
0.595617 0.803139
0.503277 0.007969
0.910839 0.305983
0.963591 0.664075
0.443892 0.832638
0.296409 0.466317
0.240674 0.603617
0.596599 0.903909
0.450452 0.198870
0.411449 0.079232
0.481873 0.059177
0.931867 0.217933
0.730108 0.865604
0.072135 0.542613
0.338138 0.398984
0.478401 0.908238
0.776416 0.676174
0.877519 0.922404
0.478858 0.914039
0.341975 0.297312
0.297707 0.612973
0.227282 0.975032
0.973815 0.778423
0.274862 0.290703
0.802496 0.539869
0.418819 0.368891
0.471962 0.276884
0.780624 0.918011
0.316273 0.590027
0.147759 0.747493
0.193276 0.037569
0.949388 0.928914
0.596147 0.136824
0.038603 0.608505
0.332324 0.505227
0.694466 0.354659
0.504464 0.264757
0.674128 0.035985
0.518765 0.055198
0.555893 0.230262
0.188030 0.409568
0.090244 0.817366
0.923857 0.962604
0.826841 0.174916
0.649852 0.591955
0.212232 0.752159
0.318606 0.657109
0.832631 0.789834
0.957630 0.006383
0.543825 0.792878
0.393312 0.590870
0.086712 0.794094
0.080799 0.226073
0.655669 0.469975
0.288496 0.975452
0.253412 0.628028
0.431347 0.393563
0.903072 0.707336
0.713648 0.041745
0.309852 0.283893
0.440796 0.735707
0.877205 0.848791
0.483071 0.236215
0.822233 0.571543
0.904386 0.722041
0.626956 0.444670
0.905003 0.238702
0.180222 0.105943
0.658815 0.469102
0.929208 0.355476
0.048484 0.699802
0.897034 0.146532
0.461445 0.684087
0.309511 0.326016
0.828815 0.848830
0.988547 0.498935
0.842107 0.236698
0.003013 0.885547
0.216513 0.428102
0.355977 0.534859
0.241648 0.566446
0.111458 0.456314
0.688999 0.524482
0.708589 0.514010
0.897688 0.859706
0.073902 0.003104
0.010526 0.566088
0.194780 0.393992
0.532204 0.388277
0.179563 0.009610
0.326626 0.754274
0.885376 0.807145
0.694813 0.071015
0.167725 0.825904
0.913881 0.636552
0.809003 0.715652
0.272737 0.684493
0.239682 0.572933
0.737933 0.555153
0.384013 0.664569
0.783822 0.052668
0.309362 0.222085
0.059493 0.832403
0.124676 0.681534
0.088114 0.125375
0.898050 0.642773
0.812138 0.408856
0.413553 0.217756
0.482635 0.428978
0.966401 0.228772
0.134763 0.344747
0.388474 0.268495
0.272411 0.416393
0.703300 0.909208
0.442215 0.918363
0.800158 0.194843
0.705548 0.844187
0.585716 0.253869
0.489485 0.693603
0.682557 0.709802
0.183470 0.418452
0.082569 0.383946
0.274960 0.713433
0.961716 0.968318
0.065539 0.755058
0.484831 0.554592
0.048221 0.873748
0.336227 0.247945
0.042888 0.850727
0.402121 0.235858
0.562554 0.564973
0.520150 0.486269
0.475425 0.954100
0.679919 0.375235
0.735205 0.857500
0.390067 0.680920
0.574487 0.728048
0.805051 0.806751
0.130375 0.772609
0.125416 0.060024
0.817491 0.964565
0.120694 0.838718
0.286838 0.012329
0.557499 0.702547
0.800101 0.982209
0.721253 0.730751
0.311647 0.106511
0.058068 0.887808
0.395791 0.880058
0.380881 0.492494
0.537928 0.415121
0.624183 0.987456
0.036935 0.638258
0.482101 0.409005
0.684819 0.447817
0.092289 0.853294
0.447629 0.189943
0.103178 0.067553
0.901898 0.700991
0.777234 0.121569
0.433050 0.273238
0.219564 0.756411
0.405127 0.040715
0.407961 0.560176
0.722857 0.302231
0.991411 0.164368
0.782618 0.921342
0.878514 0.297679
0.457794 0.996042
0.872178 0.495948
0.833333 0.440207
0.558463 0.435306
0.622099 0.485906
0.120614 0.172953
0.817630 0.883021
0.473586 0.097596
0.709704 0.304773
0.642753 0.679335
0.822801 0.239997
0.624226 0.358277
0.347938 0.063357
0.711607 0.801401
0.365435 0.198864
0.430442 0.158403
0.238829 0.075957
0.889608 0.369132
0.629417 0.836258
0.152686 0.629408
0.774539 0.560629
0.467373 0.846928
0.541264 0.298589
0.753927 0.226168
0.220461 0.223404
0.644422 0.656023
0.876538 0.196732
0.921917 0.819494
0.080373 0.648636
0.499275 0.814831
0.156028 0.918441
0.327327 0.638129
0.044653 0.837674
0.498533 0.514912
0.718989 0.684222
0.942446 0.194065
0.798654 0.246226
0.170025 0.719999
0.061804 0.316878
0.453116 0.464039
0.940687 0.858585
0.932586 0.012802
0.096032 0.141363
0.641575 0.073671
0.064051 0.702743
0.211385 0.067434
0.363418 0.885601
0.751601 0.131275
0.184441 0.210666
0.975101 0.090719
0.136815 0.308709
0.958528 0.434372
0.997050 0.196035
0.785777 0.194695
0.565652 0.835867
0.469927 0.828831
0.231504 0.479174
0.468311 0.041066
0.904361 0.968778
0.571066 0.555100
0.361192 0.349228
0.969059 0.113084
0.108387 0.665454
0.748926 0.223406
0.860479 0.341299
0.383126 0.523320
0.931202 0.683182
0.607141 0.989548
0.043208 0.574922
0.614870 0.407604
0.599214 0.118797
0.161118 0.396687
0.085419 0.877461
0.355016 0.348823
0.084273 0.959122
0.710523 0.207686
0.407886 0.143780
0.623962 0.341538
0.674943 0.824208
0.298105 0.114650
0.048246 0.823210
0.939186 0.866247
0.132495 0.570234
0.613682 0.198702
0.719287 0.452608
0.069527 0.698800
0.918831 0.259628
0.146278 0.886787
0.277042 0.284750
0.119426 0.305134
0.907647 0.281120
0.397989 0.240323
0.818773 0.919783
0.445718 0.815561
0.514414 0.078604
0.111038 0.460964
0.371401 0.664887
0.448205 0.201814
0.149160 0.715770
0.604623 0.248689
0.471244 0.044873
0.333817 0.728960
0.110180 0.438671
0.173773 0.195932
0.680813 0.727346
0.134220 0.177846
0.332764 0.557662
0.760744 0.093895
0.494199 0.808254
0.350862 0.735960
0.599691 0.815539
0.911483 0.568851
0.372493 0.527129
0.271592 0.352459
0.491449 0.891956
0.135738 0.840994
0.395516 0.529479
0.159165 0.023952
0.443404 0.163073
0.320225 0.145340
0.330378 0.219314
0.432350 0.361374
0.094432 0.651143
0.596540 0.133856
0.658457 0.345860
0.657733 0.562248
0.272493 0.825409
0.485768 0.467602
0.703639 0.269480
0.501703 0.027295
0.353644 0.601236
0.806669 0.770397
0.079541 0.538224
0.544348 0.750361
0.900807 0.242081
0.167500 0.706607
0.483712 0.138126
0.101409 0.904565
0.932205 0.565869
0.443900 0.051197
0.931931 0.647120
0.335108 0.689709
0.918971 0.604484
0.011545 0.324626
0.742616 0.907017
0.191201 0.280416
0.078061 0.847780
0.917278 0.364729
0.780114 0.928588
0.618862 0.491886
0.131330 0.424848
0.586228 0.340588
0.261889 0.084992
0.779826 0.058486
0.675950 0.065910
0.041102 0.411161
0.812847 0.406784
0.132590 0.383335
0.887116 0.774490
0.656761 0.637621
0.055458 0.348298
0.173646 0.536254
0.448069 0.751817
0.611028 0.859342
0.223262 0.351669
0.033410 0.488304
0.074736 0.260725
0.099203 0.075237
0.521426 0.996502
0.424280 0.132998
0.526297 0.842036
0.351478 0.690009
0.257124 0.056918
0.346224 0.619737
0.044172 0.294137
0.233022 0.166433
0.626421 0.641316
0.034587 0.266372
0.032393 0.587639
0.317837 0.695165
0.726136 0.525413
0.162848 0.586883
0.469120 0.237313
0.897344 0.331075
0.985741 0.843267
0.756398 0.314162
0.919099 0.968041
0.996411 0.295404
0.963044 0.762011
0.681963 0.874092
0.406269 0.332697
0.738122 0.590035
0.474804 0.335010
0.254019 0.008672
0.456036 0.831739
0.802902 0.713002
0.072861 0.765478
0.972089 0.604036
0.823375 0.759919
0.663255 0.539065
0.717905 0.087975
0.329916 0.131116
0.404663 0.485598
0.305927 0.615309
0.157577 0.168520
0.637591 0.488278
0.501390 0.164557
0.177173 0.000503
0.537513 0.827824
0.552754 0.691667
0.125779 0.698466
0.096177 0.255140
0.479879 0.648566
0.537718 0.076983
0.527319 0.571780
0.781314 0.494804
0.277611 0.317070
0.145614 0.544036
0.704104 0.684527
0.435842 0.526239
0.887924 0.314504
0.552089 0.793296
0.784585 0.039858
0.791233 0.352903
0.082172 0.242954
0.233639 0.213245
0.208864 0.036226
0.380563 0.424742
0.932146 0.795903
0.556462 0.501164
0.495458 0.790119
0.517525 0.855407
0.065322 0.972981
0.165086 0.105142
0.233095 0.786094
0.813328 0.966984
0.649758 0.422393
0.254116 0.307246
0.710579 0.640382
0.600988 0.160927
0.487837 0.606996
0.542638 0.415192
0.356497 0.363499
0.328676 0.884631
0.383657 0.416095
0.944013 0.996582
0.310642 0.015643
0.097125 0.221417
0.218153 0.767168
0.839197 0.235829
0.075909 0.083925
0.753658 0.414338
0.315603 0.054236
0.818338 0.620181
0.264803 0.535711
0.012170 0.549375
0.043189 0.500546
0.208730 0.166565
0.339336 0.798537
0.817726 0.641207
0.424444 0.040308
0.439984 0.070015
0.694157 0.709025
0.966859 0.991459
0.688527 0.627430
0.400937 0.529426
0.158751 0.239868
0.010613 0.872606
0.383767 0.657127
0.978535 0.743866
0.252862 0.940330
0.752427 0.425988
0.293934 0.198357
0.136883 0.575865
0.887127 0.036048
0.684851 0.400490
0.122022 0.982225
0.590764 0.831777
0.558110 0.264660
0.474859 0.033044
0.858325 0.168569
0.418849 0.080109
0.176567 0.438298
0.620990 0.797386
0.140403 0.861265
0.464536 0.953874
0.105394 0.862051
0.898640 0.416171
0.912544 0.755569
0.289714 0.543111
0.896203 0.676516
0.451216 0.863653
0.015444 0.484842
0.710542 0.257275
0.155195 0.083236
0.830193 0.792431
0.996968 0.584125
0.551476 0.094931
0.540592 0.459590
0.067535 0.262379
0.301189 0.747832
0.470033 0.831393
0.925758 0.155472
0.793007 0.447397
0.978314 0.922941
0.673249 0.084651
0.892147 0.654736
0.503178 0.653930
0.151916 0.936977
0.114009 0.307120
0.921383 0.329920
0.607006 0.239293
0.456880 0.261719
0.199342 0.015318
0.956958 0.339628
0.629429 0.395794
0.558217 0.004540
0.441124 0.128539
0.199239 0.877076
0.245457 0.395537
0.957400 0.559686
0.157810 0.981830
0.200957 0.613003
0.842153 0.659701
0.678591 0.708982
0.357013 0.517585
0.252762 0.058888
0.411391 0.761732
0.632897 0.326718
0.790261 0.182576
0.291922 0.326038
0.533494 0.694026
0.031518 0.813390
0.016545 0.530016
0.993553 0.653930
0.445740 0.949177
0.723377 0.038017
0.847187 0.863959
0.358522 0.824776
0.531801 0.040741
0.129083 0.789080
0.773615 0.649652
0.429033 0.600898
0.017535 0.226529
0.127363 0.807080
0.649485 0.789367
0.104213 0.931030
0.543254 0.626269
0.541181 0.190454
0.628740 0.795964
0.999599 0.214304
0.177183 0.192374
0.227263 0.362538
0.428042 0.745670
0.912531 0.355235
0.659290 0.083920
0.894742 0.458268
0.907234 0.537683
0.918711 0.309842
0.502469 0.565567
0.069136 0.980641
0.371644 0.968006
0.465353 0.192095
0.440730 0.644948
0.892234 0.086180
0.260516 0.642171
0.794939 0.151035
0.409346 0.947225
0.166465 0.767158
0.955041 0.784043
0.771791 0.454115
0.437848 0.780153
0.620623 0.488130
0.361671 0.618281
0.309718 0.088726
0.029137 0.635106
0.040780 0.104120
0.956193 0.140551
0.730390 0.833154
0.755752 0.862059
0.335248 0.546989
0.199305 0.735579
0.372060 0.782590
0.795223 0.682284
0.477895 0.125789
0.857470 0.387768
0.490830 0.546917
0.500458 0.654002
0.624183 0.210135
0.821950 0.122785
0.031738 0.043614
0.563006 0.593818
0.107379 0.162629
0.415364 0.914302
0.789079 0.079731
0.885154 0.567187
0.678669 0.253456
0.064460 0.696864
0.446360 0.238522
0.597078 0.948936
0.386650 0.518668
0.168063 0.390021
0.429945 0.136720
0.484800 0.712620
0.263640 0.484949
0.575779 0.923939
0.686999 0.537570
0.650403 0.714779
0.374075 0.750782
0.570770 0.905122
0.857937 0.064404
0.657579 0.532676
0.451867 0.829721
0.535807 0.164312
0.073985 0.669143
0.585007 0.577500
0.869731 0.800267
0.049848 0.930439
0.360585 0.871355
0.020670 0.689906
0.253286 0.262034
0.602182 0.956105
0.585635 0.377954
0.245597 0.115622
0.311761 0.136972
0.868893 0.652513
0.587067 0.045981
0.602034 0.168391
0.105695 0.369348
0.350750 0.658011
0.173410 0.253518
0.038705 0.699352
0.028218 0.120632
0.931411 0.249557
0.001128 0.783337
0.364820 0.351319
0.155051 0.094001
0.561219 0.752964
0.804903 0.289485
0.049507 0.895198
0.891752 0.314489
0.308068 0.998292
0.094226 0.900199
0.218398 0.264787
0.599839 0.993432
0.522641 0.368688
0.235722 0.097031
0.569332 0.456961
0.122114 0.939435
0.389837 0.991630
0.286945 0.931598
0.973219 0.885368
0.611030 0.534274
0.815476 0.999052
0.054279 0.544365
0.964385 0.137967
0.456788 0.363049
0.909583 0.141985
0.427169 0.959359
0.087142 0.610367
0.666054 0.119911
0.621513 0.287538
0.910779 0.966709
0.704525 0.011078
0.031741 0.259797
0.397760 0.054103
0.602623 0.304051
0.451765 0.133340
0.722209 0.582057
0.036938 0.097758
0.640955 0.965377
0.500637 0.400536
0.486135 0.712396
0.110788 0.628909
0.700054 0.484105
0.400978 0.471233
0.939013 0.694335
0.569082 0.402968
0.829168 0.911276
0.893626 0.933828
0.666057 0.011764
0.623486 0.444911
0.824838 0.334838
0.282728 0.807293
0.710662 0.296952
0.500875 0.753199
0.330780 0.712270
0.098000 0.710077
0.736322 0.161842
0.742304 0.710020
0.148417 0.092393
0.786953 0.517080
0.907060 0.915313
0.140480 0.968477
0.061903 0.338238
0.043946 0.747770
0.921322 0.770560
0.313350 0.083311
0.909163 0.265144
0.819006 0.440666
0.806735 0.356398
0.469554 0.415444
0.786982 0.957767
0.554926 0.025682
0.640995 0.444475
0.739905 0.481469
0.492366 0.128051
0.309927 0.727071
0.726319 0.800694
0.030602 0.638680
0.316538 0.204970
0.227952 0.391485
0.830407 0.488127
0.540054 0.380407
0.404729 0.005161
0.577914 0.410876
0.149682 0.586231
0.692821 0.090205
0.393716 0.654558
0.606462 0.104852
0.728423 0.497824
0.703749 0.342788
0.994610 0.734443
0.665065 0.562364
0.444077 0.148149
0.031689 0.845958
0.823961 0.697646
0.934229 0.790740
0.695677 0.327597
0.604186 0.387280
0.688371 0.820896
0.219106 0.782987
0.180133 0.943430
0.628798 0.801840
0.181713 0.800882
0.732822 0.315003
0.624168 0.521331
0.140407 0.100881
0.826614 0.898524
0.504832 0.571713
0.221889 0.524047
0.544770 0.879549
0.581519 0.854562
0.383936 0.782369
0.575633 0.435388
0.360642 0.191541
0.119853 0.812614
0.242549 0.605978
0.076382 0.837655
0.929452 0.485760
0.629289 0.528794
0.883646 0.591040
0.321433 0.178806
0.625873 0.072810
0.875599 0.444493
0.543104 0.827462
0.122877 0.414684
0.787681 0.919023
0.187697 0.175201
0.076225 0.599709
0.585100 0.168147
0.523026 0.317702
0.531087 0.275538
0.803852 0.833529
0.345951 0.570740
0.297709 0.424985
0.726279 0.788023
0.842697 0.902732
0.354928 0.096734
0.580679 0.646898
0.997464 0.596618
0.938059 0.892045
0.462873 0.283852
0.053779 0.126171
0.049322 0.233030
0.407902 0.192553
0.981730 0.490576
0.591792 0.118042
0.451588 0.401744
0.069350 0.365054
0.018505 0.320776
0.309676 0.885716
0.533729 0.593322
0.752650 0.299502
0.335704 0.208904
0.440634 0.010184
0.321613 0.949662
0.203374 0.319779
0.383321 0.119941
0.202402 0.613594
0.095454 0.012169
0.552730 0.159660
0.202707 0.230036
0.578550 0.365210
0.581052 0.248034
0.442889 0.477127
0.329380 0.690532
0.600000 0.238699
0.220215 0.157588
0.671768 0.787694
0.864260 0.902090
0.365496 0.891493
0.946904 0.138830
0.668920 0.164181
0.224837 0.159366
0.271351 0.442716
0.646993 0.640953
0.473029 0.576082
0.196061 0.509725
0.358589 0.028887
0.345241 0.235527
0.939757 0.758527
0.561674 0.058203
0.962599 0.965049
0.548070 0.106840
0.597383 0.358996
0.132469 0.911924
0.118353 0.611234
0.616716 0.609091
0.159481 0.691146
0.739383 0.856873
0.559175 0.012628
0.036938 0.693764
0.708351 0.137694
0.883655 0.565906
0.182303 0.852536
0.001637 0.245921
0.301778 0.530043
0.809326 0.208064
0.131017 0.895022
0.882450 0.879912
0.839507 0.987528
0.772910 0.905435
0.906836 0.806677
0.479376 0.446877
0.954572 0.333957
0.443084 0.650310
0.721532 0.964848
0.682460 0.696241
0.065643 0.418054
0.218776 0.188850
0.256978 0.215722
0.051426 0.848273
0.608469 0.915576
0.142613 0.921855
0.023578 0.142459
0.888008 0.622512
0.123931 0.875215
0.706886 0.146485
0.169286 0.319092
0.697155 0.986557
0.551154 0.772134
0.959574 0.859444
0.010289 0.545717
0.879099 0.206698
0.515985 0.285988
0.242268 0.318197
0.790065 0.675969
0.623541 0.305110
0.334412 0.453912
0.819803 0.750790
0.556285 0.079436
0.817070 0.713153
0.736047 0.439195
0.851583 0.896199
0.596773 0.477624
0.899173 0.006451
0.147591 0.667492
0.564844 0.524607
0.045137 0.460262
0.216639 0.531315
0.697176 0.103284
0.117397 0.148180
0.950246 0.981665
0.508817 0.664259
0.215900 0.474116
0.321381 0.093221
0.911751 0.665988
0.316433 0.533283
0.644755 0.111302
0.209222 0.763258
0.778728 0.227884
0.179473 0.838323
0.542038 0.871033
0.291570 0.558933
0.156056 0.801820
0.028257 0.161763
0.314369 0.752706
0.863011 0.480238
0.224169 0.259231
0.622028 0.507696
0.003909 0.076171
0.179743 0.609435
0.361882 0.962746
0.739356 0.021417
0.641332 0.115586
0.130782 0.411126
0.914004 0.650506
0.266479 0.016224
0.033135 0.314373
0.288920 0.109071
0.355205 0.878434
0.783052 0.689862
0.107712 0.008200
0.912855 0.763557
0.074199 0.328162
0.476768 0.131988
0.661591 0.315654
0.654519 0.277930
0.393128 0.097129
0.481120 0.221568
0.642577 0.229876
0.473502 0.385240
0.370368 0.071808
0.921902 0.416227
0.851519 0.887779
0.446148 0.905411
0.622414 0.971181
0.699993 0.896680
0.826771 0.364214
0.209252 0.617053
0.959985 0.317275
0.568843 0.184050
0.334692 0.832716
0.210800 0.618664
0.816667 0.064917
0.298674 0.950232
0.608791 0.515871
0.598551 0.684137
0.451201 0.013713
0.253962 0.949485
0.596717 0.562765
0.301952 0.999277
0.355572 0.393022
0.441189 0.690447
0.428930 0.959523
0.847926 0.307256
0.122463 0.526358
0.958824 0.514086
0.109383 0.268668
0.962028 0.821726
0.310017 0.488582
0.662375 0.705079
0.679902 0.314645
0.963471 0.180271
0.548791 0.915078
0.955573 0.892389
0.421118 0.685736
0.367661 0.529721
0.661211 0.557962
0.362537 0.912972
0.414579 0.490760
0.059214 0.220624
0.807009 0.769940
0.680066 0.497596
0.927825 0.633556
0.186478 0.665225
0.317223 0.004746
0.324299 0.826892
0.407516 0.206816
0.629381 0.098342
0.269447 0.898424
0.641517 0.291746
0.128939 0.949010
0.037822 0.370362
0.023897 0.514739
0.596254 0.648870
0.516094 0.907729
0.246828 0.310022
0.161262 0.078723
0.980763 0.574499
0.867790 0.849453
0.311366 0.796427
0.417976 0.581785
0.980745 0.008856
0.407767 0.385878
0.351796 0.542823
0.921361 0.903268
0.845472 0.022520
0.881867 0.869066
0.031711 0.324313
0.880237 0.370548
0.517349 0.653188
0.512793 0.337508
0.037484 0.985593
0.622745 0.747961
0.206408 0.205905
0.112693 0.622292
0.576730 0.760316
0.631789 0.641318
0.325201 0.112612
0.406099 0.560725
0.050360 0.677228
0.688881 0.995096
0.781706 0.176895
0.279338 0.062206
0.433710 0.535704
0.854423 0.595296
0.449994 0.794506
0.129536 0.410511
0.237256 0.318975
0.706744 0.856269
0.892657 0.408285
0.673981 0.214245
0.258412 0.753384
0.674245 0.685717
0.047957 0.140034
0.288829 0.353003
0.404077 0.702299
0.510835 0.833174
0.138230 0.865546
0.434309 0.803456
0.687510 0.999029
0.561953 0.227902
0.386804 0.269524
0.670739 0.441356
0.195461 0.840109
0.076803 0.207277
0.489546 0.107632
0.474311 0.318064
0.421240 0.668383
0.274175 0.119042
0.806686 0.906070
0.941838 0.485952
0.153573 0.540721
0.503175 0.245822
0.278589 0.344669
0.653081 0.442396
0.996192 0.924374
0.844591 0.401507
0.754350 0.766649
0.562995 0.800659
0.337806 0.129833
0.312569 0.990072
0.698584 0.364457
0.881718 0.876129
0.790219 0.266301
0.613594 0.170135
0.943962 0.229443
0.891429 0.448530
0.355259 0.286540
0.436344 0.342267
0.616881 0.000740
0.888746 0.373752
0.264762 0.352031
0.249516 0.345463
0.518258 0.248826
0.987453 0.577083
0.195970 0.772478
0.142230 0.721970
0.959589 0.439680
0.947670 0.401935
0.732518 0.912772
0.261116 0.118966
0.114832 0.053878
0.282138 0.268303
0.644000 0.029155
0.049506 0.608336
0.840699 0.481679
0.959848 0.841878
0.015484 0.062298
0.381541 0.483894
0.877336 0.961668
0.732334 0.766988
0.178341 0.171262
0.237485 0.205263
0.469353 0.006087
0.630800 0.746986
0.802222 0.020337
0.396593 0.370300
0.867642 0.865893
0.111925 0.778862
0.429355 0.179568
0.879244 0.144465
0.132100 0.565423
0.553438 0.311273
0.505819 0.905323
0.871406 0.526880
0.345665 0.694689
0.533767 0.298430
0.000414 0.955551
0.666991 0.077041
0.122461 0.410084
0.612843 0.133736
0.921009 0.691771
0.695280 0.809438
0.801171 0.684485
0.414200 0.582511
0.243880 0.775791
0.285896 0.752529
0.176852 0.302129
0.339182 0.330698
0.739630 0.762893
0.855219 0.210470
0.055173 0.045443
0.817402 0.862393
0.103279 0.823023
0.836012 0.935833
0.818035 0.114132
0.307019 0.815954
0.938264 0.153229
0.101711 0.162987
0.685989 0.136615
0.141501 0.897920
0.903285 0.281418
0.424492 0.726619
0.657899 0.786377
0.378862 0.399164
0.728339 0.178186
0.535514 0.965997
0.232266 0.247303
0.126941 0.515917
0.680638 0.508891
0.172542 0.993865
0.430752 0.541747
0.144405 0.572149
0.666934 0.547986
0.714517 0.238378
0.740129 0.698120
0.816394 0.029868
0.274403 0.108725
0.018771 0.715116
0.528642 0.338368
0.208706 0.805524
0.137272 0.804456
0.083606 0.140843
0.713321 0.847113
0.543780 0.015893
0.011383 0.319862
0.930277 0.980893
0.074484 0.499236
0.253170 0.136023
0.179756 0.120676
0.998007 0.040901
0.011595 0.788048
0.091625 0.296277
0.393003 0.907567
0.795578 0.994315
0.167811 0.656187
0.511492 0.653633
0.131237 0.718999
0.781402 0.536570
0.729816 0.737712
0.085775 0.496120
0.209946 0.525192
0.063154 0.730797
0.524159 0.045997
0.655470 0.915463
0.264358 0.598904
0.638473 0.880103
0.185164 0.494092
0.662002 0.075500
0.622710 0.711407
0.415908 0.771026
0.904416 0.271088
0.675540 0.404339
0.626697 0.807383
0.342840 0.889097
0.923193 0.335225
0.161259 0.519916
0.863467 0.986720
0.867812 0.008239
0.086257 0.078739
0.702319 0.033402
0.458720 0.584779
0.109771 0.024166
0.222024 0.080564
0.983847 0.720630
0.876370 0.241146
0.310650 0.547099
0.157898 0.016024
0.462337 0.400217
0.985444 0.905147
0.325700 0.742808
0.402176 0.009618
0.822806 0.343608
0.774375 0.688695
