117
0.100000 0.750000 0.550000 0.200000
0.011464 0.736322 0.102881 0.735369
0.008631 0.727542 0.102881 0.735369
0.008631 0.727542 0.116675 0.728861
0.008631 0.727542 0.143299 0.729084
0.008631 0.727542 0.150348 0.72354
0.022305 0.723124 0.150348 0.72354
0.021171 0.720425 0.150348 0.72354
0.021171 0.720425 0.252904 0.724966
0.034258 0.714779 0.252904 0.724966
0.034258 0.714779 0.254832 0.714519
0.07537 0.713595 0.254832 0.714519
0.094472 0.707359 0.254832 0.714519
0.212495 0.701018 0.254832 0.714519
0.212495 0.701018 0.261028 0.700874
0.220661 0.694765 0.261028 0.700874
0.220661 0.694765 0.259805 0.687289
0.258064 0.684447 0.259805 0.687289
0.258064 0.684447 0.384577 0.684686
0.258064 0.684447 0.465864 0.684064
0.239515 0.681505 0.465864 0.684064
0.239515 0.681505 0.443764 0.680698
0.204282 0.67526 0.443764 0.680698
0.443764 0.680698 0.308073 0.675454
0.443133 0.672905 0.308073 0.675454
0.443133 0.672905 0.307972 0.66436
0.41328 0.66435 0.307972 0.66436
0.41328 0.66435 0.336853 0.658332
0.41328 0.66435 0.324158 0.651635
0.41328 0.66435 0.3068 0.634811
0.41328 0.66435 0.302281 0.63185
0.383805 0.631789 0.302281 0.63185
0.332891 0.627437 0.302281 0.63185
0.332891 0.627437 0.272662 0.615841
0.365441 0.602779 0.272662 0.615841
0.365441 0.602779 0.299721 0.595166
0.362795 0.593271 0.299721 0.595166
0.345669 0.590107 0.299721 0.595166
0.345669 0.590107 0.296124 0.569228
0.335993 0.583599 0.296124 0.569228
0.393322 0.573904 0.296124 0.569228
0.393322 0.573904 0.271533 0.563962
0.40267 0.561446 0.271533 0.563962
0.40267 0.561446 0.27761 0.544097
0.364812 0.555583 0.27761 0.544097
0.364812 0.555583 0.323235 0.548204
0.356068 0.543445 0.323235 0.548204
0.356068 0.543445 0.3277 0.531798
0.395477 0.523104 0.3277 0.531798
0.395477 0.523104 0.344918 0.520377
0.395545 0.502307 0.344918 0.520377
0.395545 0.502307 0.316353 0.50087
0.395545 0.502307 0.30572 0.499773
0.467484 0.493061 0.30572 0.499773
0.467484 0.493061 0.28307 0.492674
0.606526 0.491402 0.28307 0.492674
0.606526 0.491402 0.355454 0.489714
0.606526 0.491402 0.365915 0.489336
0.606526 0.491402 0.363158 0.48376
0.58924 0.482241 0.363158 0.48376
0.58924 0.482241 0.427016 0.477634
0.57674 0.470403 0.427016 0.477634
0.57674 0.470403 0.428574 0.465299
0.577985 0.46013 0.428574 0.465299
0.577985 0.46013 0.443999 0.457294
0.570877 0.459015 0.443999 0.457294
0.553508 0.456061 0.443999 0.457294
0.553508 0.456061 0.45555 0.447456
0.553508 0.456061 0.443511 0.440721
0.544309 0.439739 0.443511 0.440721
0.544309 0.439739 0.489449 0.43914
0.544309 0.439739 0.489454 0.430768
0.56841 0.443122 0.489454 0.430768
0.57363 0.428272 0.489454 0.430768
0.57363 0.428272 0.507207 0.422268
0.57363 0.428272 0.515952 0.415186
0.57829 0.412704 0.515952 0.415186
0.57829 0.412704 0.498445 0.407584
0.641409 0.410743 0.498445 0.407584
0.641409 0.410743 0.493747 0.393385
0.628037 0.392199 0.493747 0.393385
0.628037 0.392199 0.502238 0.374854
0.596656 0.386427 0.502238 0.374854
0.545247 0.377793 0.502238 0.374854
0.545247 0.377793 0.516135 0.36804
0.545247 0.377793 0.514522 0.355176
0.544156 0.355069 0.514522 0.355176
0.544156 0.355069 0.504174 0.338613
0.555468 0.345328 0.504174 0.338613
0.567758 0.343871 0.504174 0.338613
0.567758 0.343871 0.504567 0.332996
0.589348 0.331269 0.504567 0.332996
0.589348 0.331269 0.499073 0.324365
0.595004 0.325682 0.499073 0.324365
0.606411 0.318586 0.499073 0.324365
0.553756 0.314287 0.499073 0.324365
0.553756 0.314287 0.516006 0.306577
0.516152 0.301695 0.516006 0.306577
0.516152 0.301695 0.436318 0.300619
0.516152 0.301695 0.442016 0.282176
0.516152 0.301695 0.483563 0.28139
0.516152 0.301695 0.509132 0.263568
0.547377 0.255444 0.509132 0.263568
0.547377 0.255444 0.571539 0.221947
0.547377 0.255444 0.589827 0.242758
0.601041 0.246504 0.589827 0.242758
0.642006 0.245542 0.589827 0.242758
0.642006 0.245542 0.592318 0.224758
0.635887 0.195036 0.592318 0.224758
0.635887 0.195036 0.584632 0.182195
0.629523 0.183051 0.584632 0.182195
0.415402 0.171125 0.584632 0.182195
0.44044 0.179654 0.584632 0.182195
0.44322 0.181771 0.584632 0.182195
0.528723 0.184632 0.584632 0.182195
0.528723 0.184632 0.582225 0.188494
0.528723 0.184632 0.569769 0.208237
