109
0.950000 0.300000 0.150000 0.800000
0.993679 0.336098 0.92547 0.291561
0.967619 0.325165 0.92547 0.291561
0.967619 0.325165 0.888924 0.293135
0.967619 0.325165 0.793941 0.295811
0.837418 0.315249 0.793941 0.295811
0.837418 0.315249 0.829857 0.319816
0.810746 0.390126 0.829857 0.319816
0.810746 0.390126 0.799081 0.327408
0.810746 0.390126 0.784425 0.332536
0.810746 0.390126 0.776906 0.333882
0.810746 0.390126 0.769537 0.360046
0.810746 0.390126 0.784031 0.379254
0.810746 0.390126 0.779894 0.391745
0.822385 0.399492 0.779894 0.391745
0.822385 0.399492 0.682222 0.395602
0.573937 0.401739 0.682222 0.395602
0.572291 0.390523 0.682222 0.395602
0.572291 0.390523 0.692659 0.389557
0.602485 0.379848 0.692659 0.389557
0.602485 0.379848 0.658258 0.380203
0.602485 0.379848 0.64157 0.373006
0.57036 0.368021 0.64157 0.373006
0.543021 0.360773 0.64157 0.373006
0.543021 0.360773 0.644743 0.346086
0.543021 0.360773 0.497606 0.342302
0.543021 0.360773 0.478079 0.365241
0.524654 0.371244 0.478079 0.365241
0.379348 0.359224 0.478079 0.365241
0.379348 0.359224 0.415085 0.353885
0.179766 0.355321 0.379348 0.359224
0.191221 0.363488 0.379348 0.359224
0.191221 0.363488 0.380216 0.37216
0.195389 0.371468 0.380216 0.37216
0.226345 0.374347 0.380216 0.37216
0.226345 0.374347 0.384174 0.387409
0.226345 0.374347 0.356367 0.39116
0.249125 0.391876 0.356367 0.39116
0.249125 0.391876 0.35219 0.40121
0.249125 0.391876 0.285824 0.395423
0.247918 0.393483 0.285824 0.395423
0.247918 0.393483 0.285715 0.409195
0.240282 0.412751 0.285715 0.409195
0.240282 0.412751 0.274213 0.41769
0.240282 0.412751 0.293989 0.424494
0.264363 0.428887 0.293989 0.424494
0.264363 0.428887 0.300982 0.42468
0.264363 0.428887 0.309608 0.450471
0.224774 0.433046 0.309608 0.450471
0.228501 0.439993 0.309608 0.450471
0.250575 0.473309 0.309608 0.450471
0.250575 0.473309 0.299966 0.497659
0.257627 0.481074 0.299966 0.497659
0.297287 0.500074 0.299966 0.497659
0.297287 0.500074 0.301671 0.513135
0.257353 0.53158 0.301671 0.513135
0.257353 0.53158 0.342791 0.525299
0.257353 0.53158 0.34979 0.53555
0.257353 0.53158 0.363899 0.551643
0.257368 0.552415 0.363899 0.551643
0.257368 0.552415 0.425975 0.560447
0.24106 0.566559 0.425975 0.560447
0.24106 0.566559 0.386793 0.568462
0.244408 0.568707 0.386793 0.568462
0.244408 0.568707 0.39152 0.576894
0.244408 0.568707 0.315525 0.580284
0.267372 0.592296 0.315525 0.580284
0.267372 0.592296 0.322216 0.602202
0.262987 0.599959 0.322216 0.602202
0.21567 0.602909 0.322216 0.602202
0.21567 0.602909 0.345057 0.605638
0.21567 0.602909 0.359314 0.610666
0.215748 0.617994 0.359314 0.610666
0.215748 0.617994 0.384948 0.624089
0.248648 0.625576 0.384948 0.624089
0.248648 0.625576 0.400889 0.647841
0.29031 0.63989 0.400889 0.647841
0.317407 0.647389 0.400889 0.647841
0.317407 0.647389 0.400612 0.650294
0.342429 0.664098 0.400612 0.650294
0.342429 0.664098 0.368355 0.680783
0.314793 0.675037 0.368355 0.680783
0.314793 0.675037 0.394926 0.691435
0.314793 0.675037 0.396179 0.695544
0.319015 0.705184 0.396179 0.695544
0.319015 0.705184 0.426238 0.709872
0.319015 0.705184 0.347051 0.706648
0.336607 0.71935 0.347051 0.706648
0.336607 0.71935 0.340875 0.747094
0.315052 0.728522 0.340875 0.747094
0.310996 0.731581 0.340875 0.747094
0.305371 0.736976 0.340875 0.747094
0.27148 0.738121 0.340875 0.747094
0.269465 0.739749 0.340875 0.747094
0.271928 0.747176 0.340875 0.747094
0.280935 0.74808 0.340875 0.747094
0.280935 0.74808 0.355027 0.756611
0.280935 0.74808 0.359014 0.762738
0.278872 0.766624 0.359014 0.762738
0.278872 0.766624 0.330576 0.787452
0.278872 0.766624 0.325163 0.785644
0.230454 0.771296 0.325163 0.785644
0.195174 0.771498 0.325163 0.785644
0.195174 0.771498 0.315008 0.790027
0.195174 0.771498 0.283515 0.799643
0.191721 0.799684 0.283515 0.799643
0.191721 0.799684 0.290289 0.810405
0.191721 0.799684 0.193099 0.804659
0.12724 0.79145 0.193099 0.804659
