142
0.050000 0.300000 0.850000 0.150000
0.087262 0.307315 0.032587 0.293868
0.074326 0.285624 0.032587 0.293868
0.074326 0.285624 0.014588 0.26191
0.077286 0.278672 0.014588 0.26191
0.090915 0.276103 0.014588 0.26191
0.082576 0.27239 0.014588 0.26191
0.085653 0.25633 0.014588 0.26191
0.085653 0.25633 0.06047 0.244505
0.122142 0.262057 0.06047 0.244505
0.135732 0.240244 0.06047 0.244505
0.135732 0.240244 0.059689 0.235379
0.146042 0.220679 0.059689 0.235379
0.146042 0.220679 0.040073 0.216621
0.146042 0.220679 0.077407 0.207345
0.138503 0.199516 0.077407 0.207345
0.138503 0.199516 0.127503 0.193949
0.242631 0.200576 0.127503 0.193949
0.252163 0.19056 0.127503 0.193949
0.252163 0.19056 0.09931 0.192467
0.252163 0.19056 0.068769 0.18301
0.252163 0.19056 0.211859 0.180777
0.23803 0.174886 0.211859 0.180777
0.23803 0.174886 0.191502 0.153536
0.23803 0.174886 0.270548 0.17158
0.23803 0.174886 0.324527 0.174164
0.264934 0.178119 0.324527 0.174164
0.264934 0.178119 0.334658 0.218725
0.286435 0.212736 0.334658 0.218725
0.245563 0.234212 0.334658 0.218725
0.245563 0.234212 0.303902 0.251648
0.195294 0.242877 0.303902 0.251648
0.273105 0.253957 0.303902 0.251648
0.273105 0.253957 0.332639 0.276881
0.259747 0.271816 0.332639 0.276881
0.270983 0.277039 0.332639 0.276881
0.270983 0.277039 0.360895 0.295692
0.273992 0.295084 0.360895 0.295692
0.283942 0.297534 0.360895 0.295692
0.283942 0.297534 0.32659 0.306146
0.266293 0.302309 0.32659 0.306146
0.25129 0.306852 0.32659 0.306146
0.25129 0.306852 0.312342 0.317822
0.251935 0.312525 0.312342 0.317822
0.251548 0.31635 0.312342 0.317822
0.151137 0.317734 0.312342 0.317822
0.12749 0.318803 0.312342 0.317822
0.203091 0.3381 0.312342 0.317822
0.203091 0.3381 0.257193 0.35231
0.234092 0.354328 0.257193 0.35231
0.234092 0.354328 0.361334 0.358382
0.258715 0.360279 0.361334 0.358382
0.310951 0.375007 0.361334 0.358382
0.310951 0.375007 0.379611 0.396039
0.326772 0.382195 0.379611 0.396039
0.334066 0.387438 0.379611 0.396039
0.473867 0.422927 0.379611 0.396039
0.471823 0.413436 0.379611 0.396039
0.471823 0.413436 0.413431 0.397942
0.41745 0.39381 0.413431 0.397942
0.41745 0.39381 0.372035 0.354549
0.41745 0.39381 0.432425 0.37814
0.41745 0.39381 0.487892 0.386351
0.41745 0.39381 0.503995 0.395975
0.41745 0.39381 0.526489 0.412167
0.474532 0.412655 0.526489 0.412167
0.474532 0.412655 0.524793 0.416503
0.474532 0.412655 0.534905 0.417646
0.474532 0.412655 0.557556 0.42508
0.494036 0.445453 0.557556 0.42508
0.494036 0.445453 0.607742 0.454428
0.534418 0.475616 0.607742 0.454428
0.534418 0.475616 0.622298 0.489785
0.556613 0.483965 0.622298 0.489785
0.568614 0.49113 0.622298 0.489785
0.669693 0.510837 0.622298 0.489785
0.669693 0.510837 0.648994 0.472354
0.669693 0.510837 0.722095 0.547509
0.662359 0.533553 0.722095 0.547509
0.670869 0.548545 0.722095 0.547509
0.775058 0.554955 0.722095 0.547509
0.775058 0.554955 0.72448 0.540074
0.775058 0.554955 0.734904 0.533098
0.782574 0.528726 0.734904 0.533098
0.776862 0.526248 0.734904 0.533098
0.776862 0.526248 0.728421 0.500281
0.777945 0.520718 0.728421 0.500281
0.777027 0.520146 0.728421 0.500281
0.773372 0.505075 0.728421 0.500281
0.766393 0.496677 0.728421 0.500281
0.753854 0.489377 0.728421 0.500281
0.753854 0.489377 0.724532 0.465096
0.773062 0.487962 0.724532 0.465096
0.770418 0.466264 0.724532 0.465096
0.77278 0.44783 0.724532 0.465096
0.77278 0.44783 0.702066 0.446554
0.77278 0.44783 0.721078 0.42684
0.783085 0.425836 0.721078 0.42684
0.783085 0.425836 0.692341 0.397801
0.778898 0.416558 0.692341 0.397801
0.74962 0.401627 0.692341 0.397801
0.736826 0.393502 0.692341 0.397801
0.736826 0.393502 0.672345 0.391826
0.722373 0.383214 0.672345 0.391826
0.722373 0.383214 0.619229 0.391705
0.722373 0.383214 0.622292 0.36818
0.728223 0.36003 0.622292 0.36818
0.728223 0.36003 0.685382 0.354081
0.703224 0.339418 0.685382 0.354081
0.703224 0.339418 0.641912 0.333509
0.703224 0.339418 0.64481 0.32698
0.792104 0.320154 0.64481 0.32698
0.792104 0.320154 0.627197 0.3253
0.792104 0.320154 0.675463 0.319886
0.858104 0.310302 0.675463 0.319886
0.843964 0.30925 0.675463 0.319886
0.843964 0.30925 0.69661 0.292224
0.843964 0.30925 0.726679 0.293571
0.766077 0.293682 0.726679 0.293571
0.766077 0.293682 0.689961 0.280998
0.766077 0.293682 0.684568 0.277384
0.761185 0.268341 0.684568 0.277384
0.761185 0.268341 0.583647 0.260954
0.749059 0.26317 0.583647 0.260954
0.742818 0.250767 0.583647 0.260954
0.742818 0.250767 0.5792 0.235382
0.742818 0.250767 0.648378 0.240462
0.742818 0.250767 0.672033 0.237765
0.742818 0.250767 0.710306 0.220923
0.742818 0.250767 0.72619 0.2192
0.775333 0.21456 0.72619 0.2192
0.775333 0.21456 0.726836 0.211075
0.782774 0.200869 0.726836 0.211075
0.782774 0.200869 0.711903 0.177304
0.811604 0.191159 0.711903 0.177304
0.827545 0.180182 0.711903 0.177304
0.807044 0.17068 0.711903 0.177304
0.807044 0.17068 0.67526 0.156083
0.807044 0.17068 0.773339 0.161802
0.821593 0.161452 0.773339 0.161802
0.821593 0.161452 0.777074 0.132276
0.825115 0.161357 0.777074 0.132276
