178
0.900000 0.050000 0.400000 0.800000
0.998453 0.057717 0.800598 0.0453
0.998453 0.057717 0.805179 0.050322
0.853929 0.055739 0.805179 0.050322
0.847972 0.066226 0.805179 0.050322
0.847972 0.066226 0.800129 0.071527
0.848623 0.080276 0.800129 0.071527
0.848623 0.080276 0.818468 0.077202
0.848623 0.080276 0.820388 0.080643
0.848175 0.090618 0.820388 0.080643
0.841209 0.101434 0.820388 0.080643
0.841209 0.101434 0.812089 0.105738
0.840863 0.108535 0.812089 0.105738
0.840863 0.108535 0.763275 0.113584
0.833214 0.121647 0.763275 0.113584
0.833382 0.125747 0.763275 0.113584
0.833382 0.125747 0.762579 0.127791
0.830212 0.147441 0.762579 0.127791
0.830212 0.147441 0.743827 0.130118
0.830212 0.147441 0.755171 0.1572
0.802175 0.160851 0.755171 0.1572
0.802175 0.160851 0.695533 0.156565
0.812185 0.174431 0.695533 0.156565
0.812185 0.174431 0.656869 0.153806
0.812185 0.174431 0.651789 0.176666
0.721636 0.176889 0.651789 0.176666
0.721636 0.176889 0.671398 0.186384
0.71804 0.20516 0.671398 0.186384
0.71804 0.20516 0.660407 0.208442
0.71583 0.21219 0.660407 0.208442
0.71583 0.21219 0.660245 0.232628
0.71583 0.21219 0.687043 0.23268
0.731284 0.241112 0.687043 0.23268
0.714142 0.256685 0.687043 0.23268
0.714142 0.256685 0.669673 0.267282
0.737245 0.264561 0.669673 0.267282
0.756076 0.26605 0.669673 0.267282
0.818991 0.273785 0.669673 0.267282
0.818991 0.273785 0.657644 0.279965
0.765003 0.285231 0.657644 0.279965
0.765003 0.285231 0.637529 0.287529
0.760331 0.30463 0.637529 0.287529
0.760331 0.30463 0.648974 0.297884
0.709874 0.301913 0.648974 0.297884
0.709874 0.301913 0.688616 0.303826
0.717997 0.311055 0.688616 0.303826
0.717997 0.311055 0.651687 0.312662
0.732091 0.314264 0.651687 0.312662
0.732091 0.314264 0.593893 0.312825
0.732091 0.314264 0.594961 0.314722
0.734996 0.31877 0.594961 0.314722
0.734996 0.31877 0.61475 0.317577
0.741699 0.322085 0.61475 0.317577
0.739016 0.332137 0.61475 0.317577
0.739016 0.332137 0.620026 0.333968
0.713439 0.34441 0.620026 0.333968
0.657796 0.340626 0.620026 0.333968
0.657796 0.340626 0.597787 0.330535
0.657796 0.340626 0.600892 0.342715
0.654221 0.353249 0.600892 0.342715
0.654221 0.353249 0.599426 0.358524
0.654168 0.361361 0.599426 0.358524
0.631321 0.365382 0.599426 0.358524
0.623769 0.373493 0.599426 0.358524
0.623769 0.373493 0.599275 0.375803
0.623557 0.381035 0.599275 0.375803
0.55124 0.374621 0.599275 0.375803
0.55124 0.374621 0.58982 0.361126
0.509885 0.350363 0.58982 0.361126
0.509885 0.350363 0.578139 0.355303
0.509885 0.350363 0.5598 0.349795
0.481329 0.341177 0.5598 0.349795
0.481329 0.341177 0.545672 0.342263
0.481329 0.341177 0.552258 0.330359
0.480093 0.309981 0.552258 0.330359
0.480093 0.309981 0.546945 0.30914
0.479456 0.306524 0.546945 0.30914
0.493329 0.297046 0.546945 0.30914
0.493329 0.297046 0.53328 0.295583
0.471251 0.293655 0.53328 0.295583
0.471251 0.293655 0.525463 0.28938
0.471251 0.293655 0.44527 0.268199
0.471251 0.293655 0.430097 0.255222
0.471251 0.293655 0.432269 0.298085
0.46254 0.30967 0.432269 0.298085
0.46254 0.30967 0.401504 0.304371
0.46254 0.30967 0.380424 0.307288
0.471383 0.316736 0.380424 0.307288
0.471383 0.316736 0.322755 0.321986
0.464878 0.331741 0.322755 0.321986
0.412018 0.332093 0.322755 0.321986
0.388524 0.335884 0.322755 0.321986
0.388524 0.335884 0.32447 0.337614
0.359527 0.344559 0.32447 0.337614
0.359527 0.344559 0.31741 0.347211
0.363087 0.348293 0.31741 0.347211
0.373708 0.351329 0.31741 0.347211
0.373708 0.351329 0.322926 0.370302
0.374468 0.374071 0.322926 0.370302
0.374468 0.374071 0.222902 0.371012
0.344873 0.378946 0.222902 0.371012
0.351073 0.37935 0.222902 0.371012
0.394014 0.383169 0.222902 0.371012
0.42385 0.39143 0.222902 0.371012
0.42385 0.39143 0.224392 0.39436
0.26394 0.394423 0.42385 0.39143
0.26394 0.394423 0.482015 0.413938
0.348667 0.406265 0.482015 0.413938
0.361326 0.413885 0.482015 0.413938
0.361326 0.413885 0.498222 0.420097
0.404464 0.427585 0.498222 0.420097
0.404464 0.427585 0.426327 0.428144
0.411396 0.430537 0.426327 0.428144
0.411396 0.430537 0.426861 0.432129
0.376799 0.435601 0.426861 0.432129
0.376799 0.435601 0.455128 0.445666
0.376799 0.435601 0.469692 0.454916
0.391499 0.456349 0.469692 0.454916
0.391499 0.456349 0.511721 0.457133
0.391499 0.456349 0.519712 0.460904
0.430822 0.470615 0.519712 0.460904
0.430822 0.470615 0.493311 0.475397
0.43889 0.476692 0.493311 0.475397
0.43889 0.476692 0.49444 0.48925
0.430888 0.498271 0.49444 0.48925
0.430888 0.498271 0.446518 0.529072
0.424619 0.507427 0.446518 0.529072
0.422424 0.511785 0.446518 0.529072
0.421571 0.516766 0.446518 0.529072
0.432532 0.525407 0.446518 0.529072
0.415875 0.538179 0.446518 0.529072
0.415875 0.538179 0.46212 0.531828
0.415875 0.538179 0.672592 0.5325
0.415875 0.538179 0.609133 0.539167
0.345902 0.537883 0.609133 0.539167
0.345902 0.537883 0.537777 0.545755
0.345902 0.537883 0.490061 0.557309
0.335876 0.559559 0.490061 0.557309
0.395945 0.56092 0.490061 0.557309
0.395945 0.56092 0.498807 0.566817
0.408467 0.565852 0.498807 0.566817
0.433501 0.570895 0.498807 0.566817
0.461829 0.571734 0.498807 0.566817
0.461829 0.571734 0.471242 0.572092
0.461829 0.571734 0.477366 0.585606
0.461829 0.571734 0.465921 0.615302
0.461829 0.571734 0.444902 0.626541
0.403432 0.639382 0.444902 0.626541
0.403432 0.639382 0.436239 0.64436
0.375519 0.639035 0.436239 0.64436
0.361401 0.645657 0.436239 0.64436
0.361401 0.645657 0.429361 0.651225
0.361401 0.645657 0.4438 0.654752
0.341614 0.661933 0.4438 0.654752
0.341614 0.661933 0.423887 0.666744
0.341614 0.661933 0.384254 0.666042
0.234178 0.670819 0.384254 0.666042
0.234178 0.670819 0.388419 0.687723
0.274403 0.677503 0.388419 0.687723
0.336208 0.686965 0.388419 0.687723
0.348177 0.694652 0.388419 0.687723
0.348177 0.694652 0.408758 0.700016
0.348177 0.694652 0.476938 0.711693
0.348177 0.694652 0.446704 0.712257
0.365677 0.716039 0.446704 0.712257
0.365677 0.716039 0.428371 0.726235
0.367772 0.739659 0.428371 0.726235
0.367772 0.739659 0.443666 0.750665
0.356738 0.755994 0.443666 0.750665
0.356738 0.755994 0.446579 0.757519
0.356738 0.755994 0.539491 0.767581
0.350997 0.772584 0.539491 0.767581
0.350997 0.772584 0.476885 0.777535
0.350997 0.772584 0.459873 0.781894
0.370684 0.78219 0.459873 0.781894
0.370684 0.78219 0.471198 0.790438
0.370684 0.78219 0.406215 0.795706
0.341684 0.795757 0.406215 0.795706
