329
0.060000 0.330000 0.960000 0.210000
0.125483 0.341477 0.037259 0.330132
0.125483 0.341477 0.052344 0.340246
0.125483 0.341477 0.050976 0.343406
0.116058 0.356232 0.050976 0.343406
0.093989 0.354998 0.050976 0.343406
0.093989 0.354998 0.046168 0.35665
0.07808 0.356911 0.046168 0.35665
0.07077 0.364279 0.046168 0.35665
0.07077 0.364279 0.041159 0.368904
0.069258 0.369274 0.041159 0.368904
0.049297 0.377372 0.041159 0.368904
0.009768 0.360188 0.049297 0.377372
0.009768 0.360188 0.039034 0.38918
0.009768 0.360188 0.039858 0.393055
0.018603 0.394159 0.039858 0.393055
0.018603 0.394159 0.05649 0.3968
0.018603 0.394159 0.061183 0.400389
0.004442 0.404495 0.061183 0.400389
0.004442 0.404495 0.047921 0.417364
0.015432 0.408332 0.047921 0.417364
0.019125 0.42741 0.047921 0.417364
0.019125 0.42741 0.065377 0.430634
0.002658 0.430406 0.065377 0.430634
0.002658 0.430406 0.081728 0.434817
0.002658 0.430406 0.134482 0.439015
0.084299 0.443409 0.134482 0.439015
0.084299 0.443409 0.159915 0.449639
0.1074 0.448813 0.159915 0.449639
0.116895 0.456665 0.159915 0.449639
0.116895 0.456665 0.160332 0.457416
0.110934 0.459733 0.160332 0.457416
0.110934 0.459733 0.167134 0.469517
0.139414 0.476091 0.167134 0.469517
0.139414 0.476091 0.180038 0.477019
0.139414 0.476091 0.1976 0.487422
0.156953 0.490023 0.1976 0.487422
0.156953 0.490023 0.198288 0.502669
0.173049 0.50065 0.198288 0.502669
0.173049 0.50065 0.195603 0.506502
0.167123 0.507148 0.195603 0.506502
0.167123 0.507148 0.203985 0.52141
0.153038 0.52024 0.203985 0.52141
0.145936 0.523223 0.203985 0.52141
0.176165 0.533565 0.203985 0.52141
0.176165 0.533565 0.211107 0.54788
0.195908 0.558187 0.211107 0.54788
0.195908 0.558187 0.228532 0.554963
0.195908 0.558187 0.230378 0.569137
0.16275 0.567999 0.230378 0.569137
0.157114 0.571902 0.230378 0.569137
0.157114 0.571902 0.234654 0.572635
0.157114 0.571902 0.295787 0.57457
0.157114 0.571902 0.316618 0.577295
0.157114 0.571902 0.268073 0.578977
0.18752 0.580237 0.268073 0.578977
0.18752 0.580237 0.26955 0.59068
0.239211 0.588571 0.26955 0.59068
0.239211 0.588571 0.288282 0.598806
0.245141 0.609437 0.288282 0.598806
0.245141 0.609437 0.296932 0.600092
0.266994 0.615002 0.296932 0.600092
0.266994 0.615002 0.30555 0.652318
0.271985 0.63149 0.30555 0.652318
0.238526 0.63521 0.30555 0.652318
0.278006 0.647486 0.30555 0.652318
0.278006 0.647486 0.312276 0.654375
0.278006 0.647486 0.321344 0.658756
0.276073 0.666668 0.321344 0.658756
0.276073 0.666668 0.337619 0.672718
0.259862 0.683232 0.337619 0.672718
0.259862 0.683232 0.306858 0.683233
0.278792 0.687559 0.306858 0.683233
0.278792 0.687559 0.269323 0.719194
0.274946 0.698962 0.269323 0.719194
0.233398 0.700884 0.269323 0.719194
0.231735 0.706254 0.269323 0.719194
0.238394 0.712431 0.269323 0.719194
0.226718 0.72192 0.269323 0.719194
0.226718 0.72192 0.263862 0.725928
0.206683 0.725515 0.263862 0.725928
0.204633 0.727991 0.263862 0.725928
0.434831 0.730338 0.263862 0.725928
0.434831 0.730338 0.274744 0.725715
0.434831 0.730338 0.357352 0.725411
0.434831 0.730338 0.48998 0.724184
0.434831 0.730338 0.475993 0.735606
0.47083 0.742255 0.475993 0.735606
0.47083 0.742255 0.487031 0.742602
0.47083 0.742255 0.49203 0.743257
0.47083 0.742255 0.493043 0.74813
0.467871 0.752712 0.493043 0.74813
0.467871 0.752712 0.573786 0.751896
0.467871 0.752712 0.553679 0.757891
0.467871 0.752712 0.546705 0.760341
0.48381 0.765619 0.546705 0.760341
0.48381 0.765619 0.554435 0.770458
0.48381 0.765619 0.506384 0.771867
0.462981 0.781369 0.506384 0.771867
0.462981 0.781369 0.4996 0.80436
0.453553 0.790204 0.4996 0.80436
0.425146 0.793221 0.4996 0.80436
0.425146 0.793221 0.487418 0.815084
0.463123 0.820767 0.487418 0.815084
0.463123 0.820767 0.490485 0.815208
0.463123 0.820767 0.544707 0.823831
0.463123 0.820767 0.565771 0.828108
0.472122 0.831009 0.565771 0.828108
0.498153 0.835247 0.565771 0.828108
0.498153 0.835247 0.594213 0.859755
0.526204 0.846275 0.594213 0.859755
0.534181 0.849788 0.594213 0.859755
0.563141 0.861236 0.594213 0.859755
0.563141 0.861236 0.612214 0.863176
0.564533 0.861299 0.612214 0.863176
0.564533 0.861299 0.624665 0.871942
0.564533 0.861299 0.635127 0.874554
0.564533 0.861299 0.639698 0.881412
0.575284 0.884663 0.639698 0.881412
0.575284 0.884663 0.647291 0.885335
0.607803 0.892911 0.647291 0.885335
0.607803 0.892911 0.642873 0.893051
0.607803 0.892911 0.642252 0.903335
0.614199 0.919494 0.642252 0.903335
0.614199 0.919494 0.670126 0.910891
0.614199 0.919494 0.73887 0.918715
0.630728 0.920212 0.73887 0.918715
0.771584 0.933633 0.73887 0.918715
0.779124 0.916436 0.73887 0.918715
0.779124 0.916436 0.736509 0.90814
0.783759 0.904128 0.736509 0.90814
0.766551 0.895267 0.736509 0.90814
0.747419 0.880094 0.736509 0.90814
0.747419 0.880094 0.761013 0.843827
0.774167 0.872816 0.761013 0.843827
0.774823 0.856876 0.761013 0.843827
0.775847 0.851933 0.761013 0.843827
0.775847 0.851933 0.780017 0.846157
0.775847 0.851933 0.805881 0.847899
0.816549 0.852464 0.805881 0.847899
0.855077 0.857515 0.805881 0.847899
0.853208 0.846911 0.805881 0.847899
0.847073 0.845549 0.805881 0.847899
0.847073 0.845549 0.803743 0.828466
0.838345 0.830818 0.803743 0.828466
0.833338 0.820053 0.803743 0.828466
0.833338 0.820053 0.810136 0.806925
0.840838 0.804855 0.810136 0.806925
0.840838 0.804855 0.78565 0.805277
0.840838 0.804855 0.77805 0.789264
0.836861 0.802344 0.77805 0.789264
0.825519 0.788767 0.77805 0.789264
0.825519 0.788767 0.79436 0.786531
0.81995 0.787665 0.79436 0.786531
0.81995 0.787665 0.784793 0.777751
0.810964 0.771987 0.784793 0.777751
0.810964 0.771987 0.76793 0.771915
0.724518 0.771345 0.76793 0.771915
0.724518 0.771345 0.759314 0.773203
0.724136 0.775998 0.759314 0.773203
0.724136 0.775998 0.760086 0.781607
0.713591 0.783641 0.760086 0.781607
0.713591 0.783641 0.763384 0.78551
0.705846 0.793388 0.763384 0.78551
0.705846 0.793388 0.761584 0.79342
0.705846 0.793388 0.754939 0.795304
0.705846 0.793388 0.735296 0.80273
0.705013 0.815335 0.735296 0.80273
0.705013 0.815335 0.744252 0.817746
0.705013 0.815335 0.660615 0.816862
0.705013 0.815335 0.629526 0.806039
0.69234 0.801322 0.629526 0.806039
0.687071 0.79836 0.629526 0.806039
0.687071 0.79836 0.666109 0.780714
0.71951 0.77253 0.666109 0.780714
0.71951 0.77253 0.601375 0.774722
0.71951 0.77253 0.60665 0.767574
0.710037 0.76581 0.60665 0.767574
0.710037 0.76581 0.609374 0.762458
0.667041 0.763256 0.609374 0.762458
0.667041 0.763256 0.628238 0.758355
0.667041 0.763256 0.642181 0.752239
0.667041 0.763256 0.639827 0.74377
0.659003 0.742661 0.639827 0.74377
0.659003 0.742661 0.629329 0.743011
0.659003 0.742661 0.621971 0.72663
0.64089 0.722211 0.621971 0.72663
0.64089 0.722211 0.610134 0.719049
0.64089 0.722211 0.584492 0.715567
0.64089 0.722211 0.583891 0.71187
0.648975 0.711387 0.583891 0.71187
0.648975 0.711387 0.60768 0.707816
0.67768 0.70756 0.60768 0.707816
0.67768 0.70756 0.618142 0.699128
0.67768 0.70756 0.625679 0.693916
0.664252 0.690856 0.625679 0.693916
0.664252 0.690856 0.6498 0.690825
0.708214 0.68712 0.6498 0.690825
0.708214 0.68712 0.6456 0.672489
0.707218 0.67578 0.6456 0.672489
0.686784 0.667122 0.6456 0.672489
0.686784 0.667122 0.643006 0.667043
0.686784 0.667122 0.660765 0.658086
0.682511 0.654284 0.660765 0.658086
0.682511 0.654284 0.662799 0.635625
0.683669 0.653892 0.662799 0.635625
0.710526 0.650739 0.662799 0.635625
0.769058 0.644546 0.662799 0.635625
0.763619 0.643006 0.662799 0.635625
0.765841 0.630646 0.662799 0.635625
0.765841 0.630646 0.695119 0.62844
0.765841 0.630646 0.741948 0.629166
0.805754 0.622401 0.741948 0.629166
0.805754 0.622401 0.7323 0.60711
0.794059 0.618612 0.7323 0.60711
0.785453 0.614538 0.7323 0.60711
0.813172 0.6078 0.7323 0.60711
0.813172 0.6078 0.748937 0.606094
0.813172 0.6078 0.747667 0.600956
0.813172 0.6078 0.733906 0.592014
0.809648 0.588588 0.733906 0.592014
0.777646 0.587717 0.733906 0.592014
0.777646 0.587717 0.718831 0.577147
0.766278 0.574044 0.718831 0.577147
0.748425 0.573051 0.718831 0.577147
0.748425 0.573051 0.700091 0.566652
0.748425 0.573051 0.697431 0.559144
0.748425 0.573051 0.723922 0.55618
0.748964 0.554829 0.723922 0.55618
0.748964 0.554829 0.717265 0.540119
0.755241 0.552431 0.717265 0.540119
0.785751 0.551315 0.717265 0.540119
0.788497 0.543853 0.717265 0.540119
0.787555 0.539112 0.717265 0.540119
0.787555 0.539112 0.71417 0.53643
0.78644 0.534282 0.71417 0.53643
0.78644 0.534282 0.7193 0.517957
0.791508 0.517283 0.7193 0.517957
0.791508 0.517283 0.739687 0.51447
0.791508 0.517283 0.753795 0.514174
0.791508 0.517283 0.745785 0.511668
0.799247 0.510452 0.745785 0.511668
0.799247 0.510452 0.759705 0.506233
0.792104 0.505395 0.759705 0.506233
0.792104 0.505395 0.771397 0.490318
0.797491 0.501474 0.771397 0.490318
0.805065 0.490966 0.771397 0.490318
0.883198 0.490868 0.771397 0.490318
0.862703 0.4874 0.771397 0.490318
0.862703 0.4874 0.765169 0.48588
0.856111 0.483987 0.765169 0.48588
0.837532 0.481523 0.765169 0.48588
0.837532 0.481523 0.786467 0.473423
0.831556 0.468739 0.786467 0.473423
0.831556 0.468739 0.766477 0.437607
0.809238 0.455222 0.766477 0.437607
0.798351 0.443094 0.766477 0.437607
0.813925 0.441669 0.766477 0.437607
0.807583 0.440469 0.766477 0.437607
0.841397 0.441174 0.766477 0.437607
0.845245 0.430527 0.766477 0.437607
0.845245 0.430527 0.771217 0.418107
0.863307 0.424958 0.771217 0.418107
0.861984 0.421587 0.771217 0.418107
0.85549 0.415785 0.771217 0.418107
0.85549 0.415785 0.804565 0.413187
0.849833 0.413966 0.804565 0.413187
0.856106 0.410025 0.804565 0.413187
0.856106 0.410025 0.814105 0.405765
0.912241 0.409577 0.814105 0.405765
0.911013 0.398076 0.814105 0.405765
0.911013 0.398076 0.815718 0.396651
0.911013 0.398076 0.796794 0.394558
0.911013 0.398076 0.795297 0.394144
0.911013 0.398076 0.879514 0.394083
0.911013 0.398076 0.871955 0.389858
0.921174 0.380205 0.871955 0.389858
0.921174 0.380205 0.891 0.37786
0.95198 0.377489 0.891 0.37786
0.95198 0.377489 0.866551 0.376341
0.917307 0.375958 0.866551 0.376341
0.917307 0.375958 0.861647 0.372408
0.917307 0.375958 0.849192 0.364407
0.917307 0.375958 0.843469 0.361874
0.900304 0.35926 0.843469 0.361874
0.900304 0.35926 0.836651 0.357767
0.893887 0.359029 0.836651 0.357767
0.893887 0.359029 0.836542 0.357423
0.87161 0.348936 0.836542 0.357423
0.87161 0.348936 0.820842 0.34826
0.898274 0.345145 0.820842 0.34826
0.898274 0.345145 0.817649 0.339147
0.898274 0.345145 0.824734 0.33351
0.898274 0.345145 0.838206 0.3304
0.900374 0.322818 0.838206 0.3304
0.900374 0.322818 0.828046 0.32793
0.900374 0.322818 0.816755 0.314855
0.890583 0.31313 0.816755 0.314855
0.890583 0.31313 0.82301 0.298027
0.887961 0.312043 0.82301 0.298027
0.869082 0.299344 0.82301 0.298027
0.915038 0.299023 0.82301 0.298027
0.915038 0.299023 0.83101 0.291293
0.915038 0.299023 0.832773 0.286314
0.915038 0.299023 0.820093 0.280361
0.927923 0.277531 0.820093 0.280361
0.883138 0.276925 0.820093 0.280361
0.883138 0.276925 0.819387 0.267939
0.883138 0.276925 0.835369 0.265506
0.883138 0.276925 0.833248 0.264497
0.883138 0.276925 0.873491 0.262837
0.898825 0.256101 0.873491 0.262837
0.898825 0.256101 0.863627 0.246759
0.903012 0.249534 0.863627 0.246759
0.902398 0.246659 0.863627 0.246759
0.902398 0.246659 0.824365 0.244249
0.900736 0.245403 0.824365 0.244249
0.900736 0.245403 0.803785 0.239009
0.891614 0.237463 0.803785 0.239009
0.891614 0.237463 0.794882 0.231498
0.891614 0.237463 0.852068 0.228334
0.947931 0.243326 0.852068 0.228334
0.964231 0.228158 0.852068 0.228334
0.964231 0.228158 0.842096 0.220309
0.974441 0.227446 0.842096 0.220309
0.974441 0.227446 0.925275 0.22141
0.974441 0.227446 0.935258 0.206969
0.99417 0.236974 0.935258 0.206969
0.99417 0.236974 0.941805 0.20319
