48
0.250000 0.900000 0.600000 0.600000
0.080239 0.912061 0.291274 0.890009
0.112696 0.832211 0.291274 0.890009
0.112696 0.832211 0.560355 0.843607
0.144186 0.800567 0.560355 0.843607
0.144186 0.800567 0.526896 0.800234
0.180178 0.79024 0.526896 0.800234
0.138552 0.773687 0.526896 0.800234
0.23159 0.746257 0.526896 0.800234
0.23159 0.746257 0.482657 0.742851
0.158716 0.715055 0.482657 0.742851
0.158716 0.715055 0.318024 0.671522
0.191199 0.620675 0.318024 0.671522
0.191199 0.620675 0.390439 0.593253
0.04244 0.538612 0.390439 0.593253
0.04244 0.538612 0.34781 0.530645
0.084395 0.517396 0.34781 0.530645
0.084395 0.517396 0.412832 0.507378
0.167211 0.48065 0.412832 0.507378
0.167211 0.48065 0.199561 0.465377
0.143307 0.460209 0.199561 0.465377
0.107681 0.416245 0.199561 0.465377
0.101866 0.407386 0.199561 0.465377
0.101866 0.407386 0.263068 0.393462
0.05882 0.375283 0.263068 0.393462
0.05882 0.375283 0.455528 0.401774
0.263872 0.356404 0.455528 0.401774
0.263872 0.356404 0.437114 0.347435
0.255889 0.337931 0.437114 0.347435
0.255889 0.337931 0.502781 0.317779
0.316065 0.266421 0.502781 0.317779
0.316065 0.266421 0.546722 0.283124
0.546722 0.283124 0.548446 0.262389
0.546722 0.283124 0.782885 0.373002
0.634281 0.342241 0.782885 0.373002
0.634281 0.342241 0.89452 0.439743
0.634281 0.342241 0.938861 0.469493
0.537606 0.48019 0.938861 0.469493
0.564307 0.481739 0.938861 0.469493
0.564307 0.481739 0.86817 0.532413
0.736541 0.512261 0.86817 0.532413
0.706472 0.573007 0.86817 0.532413
0.706472 0.573007 0.92977 0.538551
0.736101 0.573801 0.92977 0.538551
0.736101 0.573801 0.997266 0.609818
0.674329 0.577833 0.997266 0.609818
0.674329 0.577833 0.836668 0.59651
0.484855 0.572271 0.836668 0.59651
