95
0.550000 0.950000 0.900000 0.300000
0.420778 0.950559 0.614646 0.947925
0.458635 0.947111 0.614646 0.947925
0.458635 0.947111 0.710771 0.942773
0.459407 0.930971 0.710771 0.942773
0.459407 0.930971 0.663369 0.93747
0.515383 0.923433 0.663369 0.93747
0.511874 0.914407 0.663369 0.93747
0.596258 0.910086 0.663369 0.93747
0.596258 0.910086 0.640165 0.904828
0.625294 0.856136 0.640165 0.904828
0.625294 0.856136 0.648416 0.89259
0.625294 0.856136 0.646364 0.882031
0.625294 0.856136 0.692208 0.878906
0.625294 0.856136 0.719338 0.858148
0.632625 0.846045 0.719338 0.858148
0.632625 0.846045 0.713086 0.843393
0.618048 0.841124 0.713086 0.843393
0.618048 0.841124 0.715147 0.841816
0.618048 0.841124 0.667668 0.834343
0.528426 0.824983 0.667668 0.834343
0.593451 0.821104 0.667668 0.834343
0.593451 0.821104 0.659687 0.81841
0.597219 0.805855 0.659687 0.81841
0.626745 0.802491 0.659687 0.81841
0.626745 0.802491 0.667856 0.801271
0.602551 0.792185 0.667856 0.801271
0.607517 0.780791 0.667856 0.801271
0.607517 0.780791 0.696077 0.764419
0.655284 0.761251 0.696077 0.764419
0.629056 0.756169 0.696077 0.764419
0.629056 0.756169 0.688234 0.754366
0.627169 0.742204 0.688234 0.754366
0.627169 0.742204 0.66215 0.741066
0.626189 0.729577 0.66215 0.741066
0.626189 0.729577 0.67585 0.732718
0.626189 0.729577 0.673533 0.722222
0.637097 0.705346 0.673533 0.722222
0.637097 0.705346 0.673863 0.712308
0.637097 0.705346 0.675957 0.698423
0.595838 0.701567 0.675957 0.698423
0.573238 0.695453 0.675957 0.698423
0.568714 0.689115 0.675957 0.698423
0.568714 0.689115 0.667799 0.683738
0.605377 0.659802 0.667799 0.683738
0.605377 0.659802 0.687204 0.662073
0.605377 0.659802 0.683661 0.649616
0.605377 0.659802 0.659312 0.646874
0.575093 0.636371 0.659312 0.646874
0.575093 0.636371 0.634884 0.639406
0.575093 0.636371 0.711172 0.641885
0.575093 0.636371 0.704602 0.620106
0.576467 0.597177 0.704602 0.620106
0.576467 0.597177 0.688502 0.609628
0.576467 0.597177 0.694848 0.598648
0.694848 0.598648 0.665185 0.596756
0.694848 0.598648 0.662664 0.574315
0.696621 0.57313 0.662664 0.574315
0.696621 0.57313 0.653177 0.548299
0.706915 0.570222 0.653177 0.548299
0.706915 0.570222 0.778087 0.565089
0.921798 0.568874 0.778087 0.565089
0.921798 0.568874 0.784224 0.547985
0.939431 0.570161 0.784224 0.547985
0.970506 0.544447 0.784224 0.547985
0.970506 0.544447 0.79828 0.53554
0.970506 0.544447 0.843526 0.53381
0.970506 0.544447 0.866807 0.529011
0.985633 0.52622 0.866807 0.529011
0.985633 0.52622 0.855569 0.507616
0.907212 0.503826 0.855569 0.507616
0.907212 0.503826 0.85968 0.456939
0.895701 0.48047 0.85968 0.456939
0.892492 0.477379 0.85968 0.456939
0.899084 0.438773 0.85968 0.456939
0.899084 0.438773 0.818035 0.441044
0.899084 0.438773 0.819751 0.412754
0.938389 0.430992 0.819751 0.412754
0.968967 0.409413 0.819751 0.412754
0.968967 0.409413 0.779123 0.408632
0.968967 0.409413 0.776633 0.400256
0.968967 0.409413 0.852388 0.398441
0.996072 0.392455 0.852388 0.398441
0.910069 0.391772 0.852388 0.398441
0.910069 0.391772 0.856989 0.365732
0.910069 0.391772 0.877092 0.368859
0.910069 0.391772 0.86208 0.356232
0.904009 0.351403 0.86208 0.356232
0.904009 0.351403 0.847742 0.349793
0.904009 0.351403 0.834725 0.339226
0.903764 0.339002 0.834725 0.339226
0.903764 0.339002 0.834003 0.328241
0.925654 0.331264 0.834003 0.328241
0.923906 0.311483 0.834003 0.328241
0.923906 0.311483 0.856074 0.306185
