99
0.075000 0.700000 0.800000 0.250000
0.018735 0.682611 0.166405 0.709605
0.018735 0.682611 0.307855 0.704038
0.018735 0.682611 0.320709 0.698017
0.018735 0.682611 0.381041 0.699857
0.018735 0.682611 0.362667 0.681428
0.084914 0.680003 0.362667 0.681428
0.084914 0.680003 0.366974 0.675294
0.098247 0.64051 0.366974 0.675294
0.173876 0.649024 0.366974 0.675294
0.173876 0.649024 0.429853 0.649738
0.29086 0.632573 0.429853 0.649738
0.29086 0.632573 0.379418 0.609976
0.297478 0.582958 0.379418 0.609976
0.297478 0.582958 0.36305 0.551233
0.243549 0.566792 0.36305 0.551233
0.222924 0.530138 0.36305 0.551233
0.222924 0.530138 0.34797 0.524252
0.222924 0.530138 0.324688 0.523356
0.208553 0.493987 0.324688 0.523356
0.208553 0.493987 0.287304 0.495823
0.208553 0.493987 0.286046 0.478969
0.000486 0.437255 0.286046 0.478969
0.000486 0.437255 0.218341 0.465214
0.023495 0.436272 0.218341 0.465214
0.023495 0.436272 0.239268 0.427193
0.070783 0.421706 0.239268 0.427193
0.105212 0.422338 0.239268 0.427193
0.105212 0.422338 0.248295 0.400951
0.102264 0.391187 0.248295 0.400951
0.102264 0.391187 0.236707 0.382235
0.012146 0.355944 0.236707 0.382235
0.012146 0.355944 0.357356 0.38075
0.183608 0.361053 0.357356 0.38075
0.183608 0.361053 0.337245 0.354897
0.176899 0.331889 0.337245 0.354897
0.175862 0.311991 0.337245 0.354897
0.175862 0.311991 0.321161 0.306362
0.149922 0.254499 0.321161 0.306362
0.149922 0.254499 0.249703 0.269574
0.149922 0.254499 0.268768 0.201203
0.154293 0.194557 0.268768 0.201203
0.154293 0.194557 0.230712 0.158972
0.153422 0.121898 0.230712 0.158972
0.153422 0.121898 0.225536 0.142548
0.153422 0.121898 0.336804 0.133377
0.168408 0.092291 0.336804 0.133377
0.336804 0.133377 0.284403 0.087022
0.317272 0.08666 0.284403 0.087022
0.317272 0.08666 0.279249 0.047964
0.317272 0.08666 0.387183 0.06651
0.317272 0.08666 0.466578 0.115702
0.361072 0.116468 0.466578 0.115702
0.361072 0.116468 0.436888 0.140218
0.418385 0.167005 0.436888 0.140218
0.418385 0.167005 0.546831 0.166017
0.418385 0.167005 0.6198 0.172559
0.418385 0.167005 0.704362 0.203336
0.433153 0.240142 0.704362 0.203336
0.433153 0.240142 0.568477 0.253758
0.321507 0.232982 0.568477 0.253758
0.321507 0.232982 0.445126 0.257995
0.321507 0.232982 0.475345 0.274073
0.321507 0.232982 0.529445 0.31587
0.321507 0.232982 0.532727 0.323907
0.386442 0.328028 0.532727 0.323907
0.386442 0.328028 0.565897 0.331359
0.433585 0.331532 0.565897 0.331359
0.433585 0.331532 0.586454 0.365455
0.469341 0.346788 0.586454 0.365455
0.469341 0.346788 0.606052 0.372277
0.469341 0.346788 0.602486 0.383016
0.410933 0.409844 0.602486 0.383016
0.410933 0.409844 0.626231 0.418652
0.430413 0.44408 0.626231 0.418652
0.430413 0.44408 0.813592 0.476927
0.589356 0.46298 0.813592 0.476927
0.639859 0.468528 0.813592 0.476927
0.639859 0.468528 0.802798 0.48963
0.895281 0.506176 0.802798 0.48963
0.967582 0.488425 0.802798 0.48963
0.967582 0.488425 0.837351 0.452848
0.974297 0.47907 0.837351 0.452848
0.972691 0.466989 0.837351 0.452848
0.972691 0.466989 0.839678 0.445816
0.842262 0.443759 0.839678 0.445816
0.842262 0.443759 0.772695 0.430887
0.956836 0.36127 0.772695 0.430887
0.956836 0.36127 0.778583 0.356437
0.954602 0.355785 0.778583 0.356437
0.954602 0.355785 0.788333 0.332527
0.954602 0.355785 0.89927 0.32617
0.954602 0.355785 0.858827 0.298439
0.967584 0.290183 0.858827 0.298439
0.967584 0.290183 0.837578 0.287646
0.967584 0.290183 0.795879 0.281416
0.984767 0.256089 0.795879 0.281416
0.984767 0.256089 0.760981 0.251046
0.91605 0.253631 0.760981 0.251046
