21
0.200000 0.200000 0.650000 0.200000
0.003447 0.309739 0.396172 0.147814
0.003447 0.309739 0.2774 0.35252
0.08022 0.472199 0.2774 0.35252
0.08022 0.472199 0.339717 0.553515
0.159704 0.517765 0.339717 0.553515
0.167263 0.662886 0.339717 0.553515
0.608503 0.587749 0.339717 0.553515
0.608503 0.587749 0.44697 0.523768
0.608503 0.587749 0.422692 0.511068
0.608503 0.587749 0.440268 0.450017
0.636352 0.421388 0.440268 0.450017
0.636352 0.421388 0.416679 0.287578
0.611486 0.390519 0.416679 0.287578
0.719043 0.358354 0.416679 0.287578
0.719043 0.358354 0.424016 0.28511
0.719043 0.358354 0.442455 0.283179
0.719043 0.358354 0.434666 0.27129
0.708379 0.258818 0.434666 0.27129
0.708379 0.258818 0.478858 0.202647
0.708379 0.258818 0.474409 0.189222
