78
0.500000 0.350000 0.700000 0.500000
0.474961 0.327658 0.541085 0.36016
0.474961 0.327658 0.515362 0.322461
0.459432 0.315648 0.515362 0.322461
0.434054 0.306599 0.515362 0.322461
0.424011 0.303497 0.515362 0.322461
0.447416 0.28434 0.515362 0.322461
0.426301 0.265339 0.515362 0.322461
0.426301 0.265339 0.540091 0.257889
0.340403 0.25345 0.540091 0.257889
0.340403 0.25345 0.534946 0.251028
0.278901 0.239404 0.534946 0.251028
0.278901 0.239404 0.502717 0.242119
0.278901 0.239404 0.466652 0.241594
0.278901 0.239404 0.329519 0.239279
0.266108 0.230663 0.278901 0.239404
0.20344 0.220225 0.278901 0.239404
0.200183 0.251502 0.278901 0.239404
0.200183 0.251502 0.30279 0.26507
0.187787 0.273366 0.30279 0.26507
0.187787 0.273366 0.293781 0.279431
0.187787 0.273366 0.252386 0.297997
0.182241 0.307766 0.252386 0.297997
0.182241 0.307766 0.255228 0.310363
0.182241 0.307766 0.229746 0.312788
0.182241 0.307766 0.249607 0.336063
0.183565 0.340136 0.249607 0.336063
0.183565 0.340136 0.234711 0.371971
0.152431 0.36218 0.234711 0.371971
0.169917 0.388464 0.234711 0.371971
0.169917 0.388464 0.227681 0.396228
0.181973 0.411435 0.227681 0.396228
0.181973 0.411435 0.235744 0.424538
0.175353 0.445086 0.235744 0.424538
0.175353 0.445086 0.285791 0.435719
0.175353 0.445086 0.301707 0.44659
0.182481 0.447924 0.301707 0.44659
0.182481 0.447924 0.408451 0.450935
0.182481 0.447924 0.410828 0.455274
0.247223 0.467653 0.410828 0.455274
0.247223 0.467653 0.389828 0.486657
0.325517 0.4881 0.389828 0.486657
0.325517 0.4881 0.419518 0.521674
0.342046 0.505108 0.419518 0.521674
0.343806 0.513198 0.419518 0.521674
0.338775 0.524693 0.419518 0.521674
0.338775 0.524693 0.436553 0.526701
0.338775 0.524693 0.514174 0.541199
0.338775 0.524693 0.520865 0.542406
0.384839 0.558696 0.520865 0.542406
0.384839 0.558696 0.556167 0.545807
0.384839 0.558696 0.527748 0.593865
0.425394 0.57064 0.527748 0.593865
0.405885 0.570742 0.527748 0.593865
0.468266 0.589762 0.527748 0.593865
0.469904 0.593479 0.527748 0.593865
0.469904 0.593479 0.537122 0.597241
0.469904 0.593479 0.570962 0.608061
0.469904 0.593479 0.580325 0.620913
0.604376 0.635644 0.580325 0.620913
0.697523 0.642072 0.580325 0.620913
0.674973 0.616004 0.580325 0.620913
0.664543 0.614894 0.580325 0.620913
0.664543 0.614894 0.586711 0.586956
0.666447 0.612925 0.586711 0.586956
0.666861 0.599819 0.586711 0.586956
0.670274 0.591655 0.586711 0.586956
0.670274 0.591655 0.565317 0.578393
0.673535 0.559663 0.565317 0.578393
0.673535 0.559663 0.603393 0.532352
0.660889 0.54383 0.603393 0.532352
0.671782 0.537902 0.603393 0.532352
0.798129 0.542476 0.603393 0.532352
0.798129 0.542476 0.605232 0.52913
0.79988 0.524457 0.605232 0.52913
0.79988 0.524457 0.628137 0.514414
0.764618 0.51236 0.628137 0.514414
0.764618 0.51236 0.621149 0.489031
