132
0.100000 0.900000 0.750000 0.250000
0.032797 0.89009 0.135888 0.902771
0.032797 0.89009 0.153676 0.889771
0.053592 0.888941 0.153676 0.889771
0.053592 0.888941 0.150484 0.881158
0.033483 0.87017 0.150484 0.881158
0.033483 0.87017 0.224973 0.878144
0.08221 0.862661 0.224973 0.878144
0.08221 0.862661 0.206778 0.856332
0.067871 0.82716 0.206778 0.856332
0.067871 0.82716 0.205091 0.850671
0.067871 0.82716 0.178995 0.830562
0.067871 0.82716 0.132998 0.820899
0.067871 0.82716 0.085598 0.793632
0.065442 0.724518 0.085598 0.793632
0.065442 0.724518 0.129316 0.742967
0.065442 0.724518 0.125691 0.740046
0.065442 0.724518 0.12639 0.717868
0.076519 0.690322 0.12639 0.717868
0.076519 0.690322 0.113196 0.697204
0.076519 0.690322 0.094966 0.684847
0.010132 0.681349 0.094966 0.684847
0.010132 0.681349 0.135789 0.678433
0.011305 0.677917 0.135789 0.678433
0.043714 0.65449 0.135789 0.678433
0.138204 0.626741 0.135789 0.678433
0.194036 0.713035 0.135789 0.678433
0.194036 0.713035 0.148005 0.686417
0.194036 0.713035 0.133623 0.702917
0.194036 0.713035 0.126577 0.718137
0.126577 0.718137 0.241311 0.722602
0.126577 0.718137 0.255758 0.745061
0.192123 0.764321 0.255758 0.745061
0.192123 0.764321 0.273646 0.776827
0.192123 0.764321 0.294039 0.794899
0.192123 0.764321 0.304662 0.807485
0.215236 0.820935 0.304662 0.807485
0.215236 0.820935 0.332064 0.8388
0.232041 0.828997 0.332064 0.8388
0.232041 0.828997 0.335014 0.842756
0.232041 0.828997 0.339438 0.843999
0.232041 0.828997 0.371214 0.854715
0.259155 0.855417 0.371214 0.854715
0.259155 0.855417 0.399288 0.86598
0.310206 0.873671 0.399288 0.86598
0.310206 0.873671 0.442127 0.86792
0.587191 0.8915 0.442127 0.86792
0.587191 0.8915 0.507448 0.859202
0.550803 0.858284 0.507448 0.859202
0.550803 0.858284 0.508592 0.831993
0.541286 0.84534 0.508592 0.831993
0.63836 0.846044 0.508592 0.831993
0.63836 0.846044 0.478764 0.813154
0.630716 0.795714 0.478764 0.813154
0.630716 0.795714 0.502438 0.794269
0.672471 0.794081 0.502438 0.794269
0.672471 0.794081 0.450588 0.789355
0.644222 0.786119 0.450588 0.789355
0.644222 0.786119 0.433053 0.763142
0.644222 0.786119 0.567634 0.774669
0.663196 0.773257 0.567634 0.774669
0.663196 0.773257 0.562887 0.766382
0.653842 0.761413 0.562887 0.766382
0.653842 0.761413 0.567269 0.759572
0.720613 0.756897 0.567269 0.759572
0.720613 0.756897 0.596854 0.733634
0.731088 0.750069 0.596854 0.733634
0.80133 0.728837 0.596854 0.733634
0.80133 0.728837 0.592454 0.718456
0.80133 0.728837 0.667269 0.720154
0.80133 0.728837 0.724698 0.708622
0.80133 0.728837 0.732252 0.70828
0.80133 0.728837 0.738887 0.693719
0.80133 0.728837 0.756913 0.6804
0.80133 0.728837 0.742207 0.659931
0.812384 0.657197 0.742207 0.659931
0.812384 0.657197 0.74139 0.619781
0.936642 0.650179 0.74139 0.619781
0.787013 0.626646 0.74139 0.619781
0.842241 0.601457 0.74139 0.619781
0.842241 0.601457 0.761817 0.596931
0.854699 0.598726 0.761817 0.596931
0.852679 0.598171 0.761817 0.596931
0.852679 0.598171 0.772479 0.569946
0.852679 0.598171 0.797007 0.565072
0.849452 0.563262 0.797007 0.565072
0.849452 0.563262 0.808808 0.547458
0.857721 0.535598 0.808808 0.547458
0.857721 0.535598 0.808405 0.503893
0.8581 0.533781 0.808405 0.503893
0.846543 0.515512 0.808405 0.503893
0.975061 0.507069 0.808405 0.503893
0.930672 0.501113 0.808405 0.503893
0.887442 0.492256 0.808405 0.503893
0.887442 0.492256 0.817801 0.472607
0.856829 0.478609 0.817801 0.472607
0.917228 0.47284 0.817801 0.472607
0.920942 0.449213 0.817801 0.472607
0.920942 0.449213 0.818904 0.44812
0.920942 0.449213 0.826531 0.448066
0.957411 0.437661 0.826531 0.448066
0.957411 0.437661 0.823436 0.383304
0.947181 0.430851 0.823436 0.383304
0.930496 0.419869 0.823436 0.383304
0.912117 0.410306 0.823436 0.383304
0.917674 0.395845 0.823436 0.383304
0.909775 0.386664 0.823436 0.383304
0.893295 0.346086 0.823436 0.383304
0.893295 0.346086 0.8525 0.338453
0.860175 0.331681 0.8525 0.338453
0.860175 0.331681 0.822076 0.310301
0.98691 0.333285 0.822076 0.310301
0.936656 0.308087 0.822076 0.310301
0.930117 0.307911 0.822076 0.310301
0.930117 0.307911 0.815562 0.304281
0.930117 0.307911 0.82394 0.281005
0.930117 0.307911 0.827931 0.277458
0.936452 0.271623 0.827931 0.277458
0.936452 0.271623 0.894492 0.249564
0.916356 0.25933 0.894492 0.249564
0.896776 0.24873 0.894492 0.249564
0.896776 0.24873 0.873259 0.200903
0.997148 0.237278 0.873259 0.200903
0.945974 0.216482 0.873259 0.200903
0.811095 0.177119 0.873259 0.200903
0.802668 0.195148 0.873259 0.200903
0.802668 0.195148 0.825103 0.208153
0.714019 0.186388 0.825103 0.208153
0.731409 0.208265 0.825103 0.208153
0.731409 0.208265 0.815005 0.243412
0.730464 0.228531 0.815005 0.243412
0.722475 0.244482 0.815005 0.243412
