39
0.200000 0.200000 0.800000 0.750000
0.18872 0.247664 0.131907 0.185776
0.18872 0.247664 0.099522 0.278954
0.344605 0.257944 0.099522 0.278954
0.414503 0.315377 0.099522 0.278954
0.414503 0.315377 0.136863 0.291837
0.414503 0.315377 0.067219 0.33114
0.482198 0.36737 0.067219 0.33114
0.482198 0.36737 0.05564 0.337941
0.482198 0.36737 0.054854 0.349497
0.482198 0.36737 0.058643 0.371141
0.34677 0.392058 0.058643 0.371141
0.34677 0.392058 0.13616 0.391253
0.271433 0.397842 0.13616 0.391253
0.184945 0.411435 0.271433 0.397842
0.184945 0.411435 0.275199 0.451006
0.001064 0.515178 0.275199 0.451006
0.001064 0.515178 0.396799 0.485727
0.30076 0.527516 0.396799 0.485727
0.30076 0.527516 0.434618 0.536338
0.30076 0.527516 0.516499 0.581191
0.262822 0.588738 0.516499 0.581191
0.295868 0.588981 0.516499 0.581191
0.295868 0.588981 0.546703 0.633042
0.395522 0.62272 0.546703 0.633042
0.256193 0.620916 0.546703 0.633042
0.256193 0.620916 0.738097 0.644456
0.256193 0.620916 0.718346 0.648258
0.246664 0.648339 0.718346 0.648258
0.246664 0.648339 0.70544 0.666463
0.134182 0.650746 0.70544 0.666463
0.207163 0.661073 0.70544 0.666463
0.207163 0.661073 0.729726 0.679042
0.094061 0.692173 0.729726 0.679042
0.338765 0.70342 0.729726 0.679042
0.338765 0.70342 0.777518 0.731575
0.527939 0.716391 0.777518 0.731575
0.527939 0.716391 0.900052 0.745297
0.527939 0.716391 0.921904 0.756052
