87
0.100000 0.950000 0.800000 0.300000
0.094753 0.940563 0.19751 0.96926
0.094753 0.940563 0.339195 0.951983
0.094753 0.940563 0.305049 0.944317
0.094753 0.940563 0.167046 0.933186
0.114692 0.91308 0.167046 0.933186
0.114692 0.91308 0.203258 0.888631
0.110836 0.878677 0.203258 0.888631
0.110836 0.878677 0.203314 0.863376
0.049038 0.823018 0.203314 0.863376
0.049038 0.823018 0.282467 0.848527
0.049038 0.823018 0.274925 0.840673
0.126331 0.826254 0.274925 0.840673
0.126331 0.826254 0.323834 0.841471
0.126331 0.826254 0.349838 0.843182
0.126331 0.826254 0.357285 0.804057
0.161655 0.802861 0.357285 0.804057
0.259974 0.790111 0.357285 0.804057
0.259974 0.790111 0.35294 0.788036
0.2555 0.765482 0.35294 0.788036
0.40931 0.779402 0.35294 0.788036
0.40931 0.779402 0.45446 0.810836
0.40931 0.779402 0.476053 0.775423
0.4576 0.763589 0.476053 0.775423
0.476053 0.775423 0.553443 0.777796
0.498858 0.791385 0.553443 0.777796
0.498858 0.791385 0.57218 0.820802
0.497796 0.820078 0.57218 0.820802
0.497796 0.820078 0.632034 0.827397
0.572288 0.830693 0.632034 0.827397
0.572288 0.830693 0.689811 0.878801
0.605098 0.891578 0.689811 0.878801
0.853276 0.884319 0.689811 0.878801
0.796011 0.869887 0.689811 0.878801
0.796011 0.869887 0.704374 0.843433
0.844623 0.848402 0.704374 0.843433
0.844623 0.848402 0.722601 0.81885
0.889249 0.816784 0.722601 0.81885
0.889249 0.816784 0.743173 0.806741
0.889249 0.816784 0.788576 0.787373
0.925514 0.777016 0.788576 0.787373
0.925514 0.777016 0.729507 0.769317
0.925514 0.777016 0.682932 0.749671
0.925514 0.777016 0.683352 0.747023
0.952394 0.745535 0.683352 0.747023
0.952394 0.745535 0.671286 0.741257
0.901474 0.740681 0.671286 0.741257
0.901474 0.740681 0.780489 0.730825
0.859046 0.736635 0.780489 0.730825
0.859046 0.736635 0.789329 0.707331
0.859046 0.736635 0.770694 0.691123
0.880377 0.679999 0.770694 0.691123
0.880377 0.679999 0.789715 0.667457
0.876498 0.656395 0.789715 0.667457
0.876498 0.656395 0.733115 0.649879
0.876498 0.656395 0.776602 0.627112
0.876498 0.656395 0.784905 0.619696
0.899035 0.604221 0.784905 0.619696
0.899035 0.604221 0.797639 0.597893
0.899035 0.604221 0.844558 0.59906
0.877461 0.591215 0.844558 0.59906
0.877461 0.591215 0.851372 0.587085
0.877461 0.591215 0.837406 0.581022
0.953555 0.552182 0.837406 0.581022
0.953555 0.552182 0.874941 0.54115
0.949013 0.515827 0.874941 0.54115
0.949013 0.515827 0.696687 0.523099
0.949013 0.515827 0.795766 0.511239
0.923333 0.492336 0.795766 0.511239
0.923333 0.492336 0.803109 0.476779
0.923333 0.492336 0.784598 0.470974
0.883147 0.462781 0.784598 0.470974
0.883147 0.462781 0.737481 0.467895
0.883147 0.462781 0.730865 0.449939
0.930393 0.462632 0.730865 0.449939
0.941235 0.434422 0.730865 0.449939
0.844951 0.419776 0.730865 0.449939
0.844951 0.419776 0.738194 0.382643
0.838354 0.413837 0.738194 0.382643
0.838354 0.413837 0.770718 0.38873
0.817105 0.377255 0.770718 0.38873
0.780126 0.366709 0.770718 0.38873
0.780126 0.366709 0.784516 0.294284
0.8279 0.348777 0.784516 0.294284
0.830727 0.346474 0.784516 0.294284
0.889389 0.344079 0.784516 0.294284
0.87703 0.335527 0.784516 0.294284
