106
0.100000 0.900000 0.900000 0.500000
0.067163 0.888578 0.163535 0.897917
0.067163 0.888578 0.191975 0.898438
0.067163 0.888578 0.165041 0.881334
0.132416 0.879862 0.165041 0.881334
0.132416 0.879862 0.186795 0.876662
0.122652 0.874033 0.186795 0.876662
0.122652 0.874033 0.23492 0.870053
0.114399 0.83184 0.23492 0.870053
0.257082 0.866977 0.23492 0.870053
0.287561 0.875395 0.23492 0.870053
0.287561 0.875395 0.345863 0.886505
0.287561 0.875395 0.344661 0.875503
0.287561 0.875395 0.339379 0.874738
0.287561 0.875395 0.30521 0.868103
0.268523 0.836995 0.30521 0.868103
0.268523 0.836995 0.358177 0.856669
0.268523 0.836995 0.345733 0.840695
0.299962 0.82252 0.345733 0.840695
0.299962 0.82252 0.356751 0.821533
0.279709 0.805355 0.356751 0.821533
0.251863 0.798737 0.356751 0.821533
0.251863 0.798737 0.349434 0.789469
0.270056 0.775884 0.349434 0.789469
0.270056 0.775884 0.363121 0.772449
0.252238 0.770082 0.363121 0.772449
0.248164 0.767208 0.363121 0.772449
0.248164 0.767208 0.358989 0.766041
0.242359 0.761829 0.358989 0.766041
0.305837 0.76332 0.358989 0.766041
0.305837 0.76332 0.372345 0.764805
0.305837 0.76332 0.420405 0.752855
0.360151 0.747175 0.420405 0.752855
0.360151 0.747175 0.458381 0.749486
0.360151 0.747175 0.539954 0.747211
0.360151 0.747175 0.532327 0.744445
0.375761 0.721258 0.532327 0.744445
0.375761 0.721258 0.546128 0.724496
0.473927 0.722299 0.546128 0.724496
0.473927 0.722299 0.642423 0.724522
0.476179 0.721149 0.642423 0.724522
0.595899 0.709328 0.642423 0.724522
0.612231 0.707847 0.642423 0.724522
0.612231 0.707847 0.623162 0.700667
0.612231 0.707847 0.611155 0.69853
0.599751 0.64405 0.611155 0.69853
0.599751 0.64405 0.655594 0.657844
0.599751 0.64405 0.663624 0.636839
0.577621 0.643986 0.663624 0.636839
0.627011 0.632948 0.663624 0.636839
0.627011 0.632948 0.688292 0.622787
0.63852 0.611674 0.688292 0.622787
0.63852 0.611674 0.706463 0.61111
0.623783 0.582727 0.706463 0.61111
0.706463 0.61111 0.746719 0.595732
0.706463 0.61111 0.78593 0.623246
0.706463 0.61111 0.787443 0.624637
0.706463 0.61111 0.775329 0.63771
0.707462 0.641168 0.775329 0.63771
0.707462 0.641168 0.772729 0.651798
0.707462 0.641168 0.80198 0.660815
0.733776 0.68253 0.80198 0.660815
0.733776 0.68253 0.802863 0.690226
0.859461 0.702741 0.802863 0.690226
0.859461 0.702741 0.889406 0.705401
0.866934 0.706677 0.889406 0.705401
0.886199 0.708265 0.889406 0.705401
0.886199 0.708265 0.934893 0.713417
0.984731 0.725593 0.934893 0.713417
0.987615 0.710201 0.934893 0.713417
0.987615 0.710201 0.936072 0.703054
0.978096 0.708437 0.936072 0.703054
0.974427 0.707202 0.936072 0.703054
0.974334 0.695475 0.936072 0.703054
0.974334 0.695475 0.922076 0.692057
0.960789 0.67755 0.922076 0.692057
0.960789 0.67755 0.905113 0.66192
0.980426 0.656261 0.905113 0.66192
0.939558 0.642163 0.905113 0.66192
0.939558 0.642163 0.899306 0.62694
0.945831 0.617426 0.899306 0.62694
0.945831 0.617426 0.869131 0.617685
0.945831 0.617426 0.872214 0.610507
0.941385 0.616255 0.872214 0.610507
0.941385 0.616255 0.880201 0.608216
0.941385 0.616255 0.870365 0.603674
0.947054 0.593603 0.870365 0.603674
0.947054 0.593603 0.891972 0.590672
0.947054 0.593603 0.844472 0.586096
0.947054 0.593603 0.804996 0.57482
0.989701 0.573371 0.804996 0.57482
0.92244 0.568454 0.804996 0.57482
0.92244 0.568454 0.812662 0.553296
0.912885 0.564264 0.812662 0.553296
0.912885 0.564264 0.861836 0.553046
0.884477 0.548961 0.861836 0.553046
0.884477 0.548961 0.840168 0.543024
0.976719 0.54882 0.840168 0.543024
0.988053 0.545927 0.840168 0.543024
0.988053 0.545927 0.827915 0.523216
0.942305 0.519374 0.827915 0.523216
0.942305 0.519374 0.815127 0.514919
0.942305 0.519374 0.808851 0.508806
0.917228 0.504372 0.808851 0.508806
0.917228 0.504372 0.81049 0.488587
0.9062 0.501016 0.81049 0.488587
