998
422 406 418
422 418 420
422 420 421
418 419 420
408 418 406
407 408 406
406 422 397
406 397 405
423 388 389
389 390 391
423 389 391
391 392 393
391 393 397
423 391 397
423 397 422
398 405 397
405 398 400
405 400 401
405 401 402
405 402 403
405 403 404
398 399 400
393 396 397
423 387 388
444 386 387
444 387 423
444 423 443
444 385 386
446 379 385
446 385 444
446 444 445
384 385 379
380 384 379
379 446 372
379 372 373
379 373 374
379 374 378
210 330 331
210 331 372
210 372 446
210 446 447
210 447 209
375 378 374
378 375 376
378 376 377
448 209 447
209 448 449
209 449 208
450 208 449
450 207 208
451 207 450
205 206 207
207 451 204
205 207 204
452 204 451
204 452 453
200 204 453
200 453 456
200 456 199
454 456 453
457 181 199
457 199 456
195 199 181
195 181 194
457 180 181
459 180 457
459 457 458
180 459 460
180 460 461
180 461 179
464 466 179
464 179 461
464 461 463
179 466 468
179 468 469
179 469 178
464 465 466
466 467 468
470 174 175
470 175 176
470 176 177
470 177 178
470 178 469
170 174 470
170 470 475
170 475 169
475 470 471
475 471 474
476 160 169
476 169 475
161 169 160
160 476 712
160 712 159
479 711 712
479 712 476
479 476 477
479 477 478
713 158 159
713 159 712
713 719 156
158 713 156
157 158 156
713 718 719
723 755 156
723 156 719
720 723 719
769 155 156
156 755 768
769 156 768
723 754 755
723 720 721
723 721 722
725 754 723
724 725 723
754 725 726
754 726 727
754 727 728
728 731 736
728 736 737
728 737 751
754 728 751
754 751 752
754 752 753
728 730 731
731 735 736
738 751 737
751 738 748
751 748 749
751 749 750
739 748 738
748 739 740
748 740 747
741 747 740
747 741 742
747 742 744
747 744 746
742 743 744
744 745 746
732 735 731
732 734 735
732 733 734
728 729 730
762 768 755
756 762 755
768 762 763
768 763 764
768 764 767
762 756 757
762 757 761
758 761 757
761 758 759
761 759 760
765 767 764
765 766 767
885 886 154
769 885 154
155 769 154
885 769 770
885 770 884
889 890 152
889 152 154
889 154 886
889 886 887
889 887 888
152 153 154
152 890 902
152 902 903
152 903 151
891 902 890
905 151 903
904 905 903
151 905 147
148 151 147
151 148 149
151 149 150
906 923 142
906 142 145
906 145 146
906 146 147
906 147 905
143 145 142
142 923 140
142 140 141
923 906 921
923 921 922
912 921 906
912 906 911
907 911 906
911 907 908
911 908 909
911 909 910
912 920 921
915 918 919
915 919 920
915 920 912
915 912 914
918 915 916
918 916 917
912 913 914
924 140 923
924 139 140
925 139 924
925 138 139
926 951 955
955 138 925
926 955 925
955 137 138
955 951 952
955 952 953
955 953 954
951 926 927
951 927 928
928 943 950
951 928 950
943 928 929
943 929 942
944 950 943
950 944 945
950 945 947
950 947 948
950 948 949
945 946 947
930 931 942
930 942 929
940 941 942
942 931 939
940 942 939
932 939 931
939 932 933
939 933 935
939 935 936
939 936 938
933 934 935
936 937 938
956 135 137
956 137 955
135 136 137
956 134 135
960 132 133
957 960 133
957 133 134
957 134 956
132 960 961
132 961 131
957 959 960
957 958 959
962 122 123
962 123 131
962 131 961
124 130 131
124 131 123
122 962 96
97 122 96
963 95 96
963 96 962
95 963 964
95 964 94
42 91 94
42 94 964
41 42 964
965 41 964
92 94 91
91 42 47
91 47 90
41 965 966
41 966 39
41 39 40
967 37 38
967 38 39
967 39 966
37 967 29
37 29 36
27 29 967
27 967 968
27 968 26
30 36 29
36 30 31
36 31 35
32 35 31
32 34 35
32 33 34
969 26 968
26 969 970
26 970 25
971 998 999
971 999 25
971 25 970
0 22 25
0 25 999
998 971 991
998 991 992
998 992 993
998 993 997
972 990 991
972 991 971
994 997 993
997 994 995
997 995 996
990 972 973
990 973 974
990 974 989
976 989 974
976 974 975
976 988 989
977 986 987
987 988 976
977 987 976
977 985 986
978 985 977
985 978 979
985 979 984
980 984 979
980 983 984
982 983 980
981 982 980
25 22 23
25 23 24
0 21 22
1 21 0
21 1 2
21 2 20
3 4 12
3 12 20
3 20 2
12 19 20
12 4 10
12 10 11
5 10 4
10 5 6
10 6 9
7 8 9
7 9 6
13 15 19
13 19 12
19 15 16
19 16 18
13 14 15
16 17 18
27 28 29
43 47 42
48 86 88
48 88 89
48 89 90
48 90 47
86 87 88
86 48 49
86 49 85
51 85 49
51 49 50
51 84 85
57 83 84
57 84 51
57 51 56
83 57 58
58 59 81
83 58 81
83 81 82
60 81 59
81 60 70
81 70 79
81 79 80
61 70 60
71 79 70
79 71 72
79 72 73
79 73 74
74 75 78
79 74 78
76 77 78
76 78 75
70 61 63
70 63 64
70 64 65
70 65 66
70 66 69
61 62 63
68 69 66
67 68 66
52 56 51
56 52 53
56 53 54
56 54 55
47 43 44
47 44 45
47 45 46
92 93 94
122 97 98
122 98 121
100 120 121
100 121 98
99 100 98
120 100 101
120 101 102
102 103 119
120 102 119
105 119 103
104 105 103
105 118 119
106 117 118
106 118 105
117 106 107
117 107 116
108 115 116
108 116 107
108 114 115
109 114 108
114 109 110
114 110 113
111 113 110
111 112 113
130 124 125
130 125 126
130 126 129
128 129 126
127 128 126
143 144 145
902 891 900
902 900 901
892 898 900
892 900 891
898 899 900
892 897 898
895 897 892
895 892 894
895 896 897
892 893 894
883 884 770
771 883 770
882 883 771
882 771 881
773 881 771
773 771 772
881 773 879
881 879 880
774 878 879
774 879 773
774 877 878
778 877 774
778 774 776
778 776 777
877 778 779
877 779 874
875 877 874
780 874 779
874 780 797
874 797 798
874 798 799
874 799 873
783 797 780
783 780 782
800 872 873
800 873 799
872 800 864
872 864 871
801 864 800
870 871 864
865 870 864
865 869 870
866 869 865
866 868 869
866 867 868
801 863 864
802 863 801
863 802 803
804 805 862
803 804 862
863 803 862
806 840 862
806 862 805
860 862 840
860 840 859
840 806 817
840 817 818
840 818 828
840 828 829
831 832 833
831 833 834
830 831 834
830 834 838
829 830 838
829 838 839
840 829 839
806 816 817
825 828 818
819 825 818
835 837 838
835 838 834
835 836 837
828 825 826
828 826 827
825 819 820
825 820 824
821 824 820
821 823 824
821 822 823
807 816 806
807 815 816
808 815 807
815 808 809
815 809 810
815 810 814
811 814 810
814 811 812
814 812 813
841 859 840
859 841 851
852 859 851
842 851 841
849 851 842
849 842 843
849 843 846
849 846 847
849 847 848
844 846 843
844 845 846
849 850 851
859 852 854
859 854 858
852 853 854
856 858 854
855 856 854
856 857 858
860 861 862
783 796 797
784 790 796
784 796 783
796 790 791
796 791 792
796 792 793
796 793 794
796 794 795
790 784 788
790 788 789
785 788 784
788 785 786
788 786 787
780 781 782
875 876 877
774 775 776
714 718 713
714 717 718
715 717 714
715 716 717
479 710 711
480 481 698
698 707 708
480 698 708
480 708 710
480 710 479
708 709 710
698 706 707
698 481 482
698 482 487
698 487 488
488 489 697
698 488 697
483 487 482
490 696 697
490 697 489
696 490 491
696 491 695
506 695 491
506 491 493
506 493 505
695 506 688
695 688 694
518 520 521
517 518 521
521 688 506
517 521 506
517 506 516
689 692 693
689 693 694
689 694 688
692 689 690
692 690 691
688 521 522
688 522 523
688 523 687
518 519 520
524 687 523
687 524 685
687 685 686
525 685 524
685 525 527
685 527 684
525 526 527
528 684 527
677 684 528
677 528 676
532 676 528
532 528 529
532 529 530
532 530 531
676 532 592
676 592 594
676 594 675
533 592 532
592 593 594
595 648 674
595 674 675
595 675 594
649 652 654
654 674 648
649 654 648
595 647 648
634 647 595
596 634 595
634 646 647
596 633 634
597 633 596
597 632 633
618 619 632
618 632 597
598 618 597
631 632 619
631 619 620
631 620 622
631 622 630
598 603 616
618 598 616
618 616 617
598 602 603
609 616 603
604 609 603
616 609 610
616 610 615
609 604 605
609 605 608
606 608 605
606 607 608
611 615 610
615 611 612
615 612 613
615 613 614
599 602 598
599 601 602
599 600 601
620 621 622
623 630 622
623 629 630
624 628 629
624 629 623
624 627 628
625 627 624
625 626 627
635 644 645
635 645 646
635 646 634
644 635 636
644 636 643
637 643 636
643 637 638
643 638 642
641 642 638
639 641 638
639 640 641
674 654 672
674 672 673
652 653 654
652 649 650
652 650 651
655 672 654
655 671 672
656 671 655
656 670 671
657 670 656
670 657 658
670 658 665
670 665 669
659 661 665
659 665 658
666 669 665
669 666 667
669 667 668
665 661 662
665 662 664
659 660 661
662 663 664
533 591 592
535 589 590
590 591 533
535 590 533
535 533 534
535 569 588
589 535 588
535 568 569
571 588 569
570 571 569
584 588 571
584 571 579
584 579 581
584 581 582
584 582 583
572 579 571
579 580 581
579 572 573
579 573 578
574 578 573
578 574 576
578 576 577
574 575 576
588 584 585
588 585 586
588 586 587
536 568 535
536 567 568
537 558 567
537 567 536
559 560 566
559 566 567
559 567 558
537 557 558
538 557 537
557 538 539
557 539 540
557 540 541
557 541 545
557 545 556
542 545 541
546 556 545
556 546 548
556 548 549
556 549 550
556 550 551
556 551 552
556 552 553
556 553 554
556 554 555
546 547 548
545 542 543
545 543 544
566 560 561
566 561 565
562 565 561
562 564 565
562 563 564
677 683 684
678 683 677
683 678 679
683 679 680
683 680 682
680 681 682
507 516 506
507 515 516
508 515 507
515 508 510
515 510 511
515 511 512
515 512 514
508 509 510
512 513 514
491 492 493
495 501 505
495 505 493
494 495 493
505 501 502
505 502 504
501 495 496
501 496 500
497 500 496
497 499 500
497 498 499
502 503 504
487 483 484
484 485 486
487 484 486
699 706 698
706 699 702
706 702 703
706 703 705
701 702 699
700 701 699
703 704 705
169 161 162
169 162 168
163 168 162
163 167 168
164 167 163
167 164 165
167 165 166
472 473 474
472 474 471
174 170 171
174 171 172
174 172 173
461 462 463
182 191 193
182 193 194
182 194 181
191 192 193
182 190 191
183 189 190
183 190 182
189 183 186
189 186 188
184 186 183
186 187 188
184 185 186
199 195 196
199 196 197
199 197 198
454 455 456
204 200 201
204 201 202
204 202 203
331 371 372
330 210 211
330 211 213
330 213 214
330 214 329
211 212 213
215 326 327
327 329 214
215 327 214
327 328 329
215 325 326
247 325 215
247 215 246
325 247 311
325 311 312
325 312 313
325 313 317
325 317 324
248 311 247
314 317 313
318 324 317
324 318 321
324 321 323
319 321 318
321 322 323
319 320 321
314 316 317
314 315 316
248 310 311
249 307 308
249 308 309
249 309 310
249 310 248
249 306 307
250 306 249
306 250 251
306 251 305
253 305 251
252 253 251
305 253 254
254 255 304
305 254 304
256 303 304
256 304 255
303 256 258
303 258 302
256 257 258
259 273 275
275 300 301
259 275 301
259 301 302
259 302 258
288 290 294
300 275 285
294 300 285
288 294 285
288 285 287
273 274 275
273 259 271
273 271 272
260 271 259
271 260 269
271 269 270
266 269 260
262 266 260
262 260 261
269 266 267
269 267 268
266 262 264
266 264 265
262 263 264
300 294 295
300 295 296
300 296 297
300 297 298
300 298 299
290 293 294
288 289 290
291 293 290
291 292 293
276 284 285
276 285 275
285 286 287
276 283 284
278 282 283
278 283 276
277 278 276
278 281 282
280 281 278
279 280 278
216 245 246
216 246 215
241 245 216
241 216 240
217 240 216
238 239 240
240 217 237
238 240 237
218 237 217
218 236 237
225 236 218
220 225 218
219 220 218
225 235 236
225 220 221
225 221 222
225 222 224
222 223 224
226 230 235
226 235 225
230 234 235
230 226 227
230 227 228
230 228 229
231 234 230
231 233 234
231 232 233
245 241 242
245 242 243
245 243 244
332 371 331
371 332 333
333 334 370
371 333 370
335 370 334
335 369 370
336 369 335
336 368 369
337 368 336
368 337 366
367 368 366
338 365 366
338 366 337
365 338 339
365 339 364
340 363 364
340 364 339
363 340 342
363 342 362
340 341 342
343 362 342
343 361 362
344 361 343
344 360 361
345 360 344
345 346 347
360 345 347
360 347 359
348 358 359
348 359 347
348 357 358
349 356 357
349 357 348
349 355 356
350 351 355
350 355 349
355 351 352
355 352 354
352 353 354
380 383 384
381 383 380
381 382 383
424 442 443
424 443 423
424 441 442
426 441 424
425 426 424
426 440 441
427 440 426
440 427 428
440 428 429
440 429 439
430 438 439
430 439 429
438 430 431
438 431 434
438 434 435
438 435 436
438 436 437
432 434 431
432 433 434
394 396 393
394 395 396
418 408 411
418 411 416
418 416 417
409 411 408
412 416 411
416 412 414
416 414 415
412 413 414
409 410 411
