398
7 5 6
398 2 5
5 7 397
398 5 397
8 390 394
8 394 396
8 396 397
8 397 7
394 395 396
394 390 391
394 391 393
390 8 13
390 13 389
8 12 13
14 389 13
389 14 15
15 375 382
389 15 382
389 382 388
15 374 375
376 381 382
376 382 375
383 388 382
388 383 386
388 386 387
384 385 386
384 386 383
376 380 381
378 380 376
377 378 376
378 379 380
16 17 374
16 374 15
17 373 374
18 372 373
18 373 17
18 371 372
19 261 262
19 262 371
19 371 18
263 371 262
261 19 21
261 21 260
19 20 21
22 260 21
260 22 23
260 23 24
260 24 25
25 26 259
260 25 259
29 259 26
29 26 27
29 27 28
259 29 64
259 64 258
29 63 64
65 258 64
65 257 258
66 253 254
254 255 256
66 254 256
66 256 257
66 257 65
66 75 252
253 66 252
75 66 72
75 72 73
75 73 74
81 84 85
85 252 75
85 75 80
81 85 80
85 251 252
84 81 82
84 82 83
86 251 85
86 250 251
87 106 107
107 250 86
87 107 86
107 249 250
106 87 88
88 89 105
106 88 105
93 105 89
93 89 92
93 104 105
95 100 101
94 95 101
94 101 102
94 102 103
94 103 104
94 104 93
100 95 96
100 96 99
97 99 96
97 98 99
90 92 89
90 91 92
108 240 249
108 249 107
241 249 240
240 108 109
240 109 171
240 171 239
110 163 164
164 170 171
164 171 109
110 164 109
172 173 239
172 239 171
213 239 173
213 173 174
213 174 212
239 213 236
239 236 238
216 233 234
216 234 235
235 236 213
216 235 213
216 213 215
236 237 238
233 216 217
233 217 218
233 218 219
233 219 220
233 220 221
233 221 232
222 232 221
222 231 232
227 231 222
225 227 222
225 222 223
225 223 224
231 227 228
231 228 230
225 226 227
228 229 230
213 214 215
175 212 174
212 175 178
212 178 208
212 208 211
176 178 175
179 207 208
179 208 178
209 210 211
209 211 208
207 179 180
207 180 206
181 203 204
181 204 205
205 206 180
181 205 180
202 203 181
202 181 199
201 202 199
201 199 200
182 192 199
182 199 181
192 198 199
182 191 192
183 191 182
183 190 191
184 190 183
190 184 185
190 185 186
190 186 189
187 189 186
187 188 189
193 196 197
193 197 198
193 198 192
196 193 194
196 194 195
176 177 178
164 169 170
163 110 111
163 111 162
112 162 111
158 159 160
162 112 157
160 162 157
158 160 157
113 155 157
113 157 112
155 156 157
113 154 155
138 153 154
138 154 113
114 138 113
138 152 153
138 114 115
138 115 116
116 128 129
138 116 129
138 129 137
116 127 128
130 133 134
130 134 137
130 137 129
137 134 135
137 135 136
133 130 131
133 131 132
117 127 116
127 117 118
127 118 126
119 125 126
119 126 118
119 124 125
120 124 119
120 123 124
121 123 120
121 122 123
139 144 151
139 151 152
139 152 138
148 151 144
147 148 144
147 144 146
144 139 140
144 140 143
141 143 140
141 142 143
148 150 151
148 149 150
144 145 146
160 161 162
165 169 164
169 165 167
169 167 168
165 166 167
249 241 242
242 243 248
249 242 248
245 248 243
245 243 244
245 247 248
245 246 247
76 78 79
76 79 80
76 80 75
76 77 78
67 68 70
67 70 71
71 72 66
67 71 66
68 69 70
35 54 55
35 55 63
35 63 29
30 35 29
56 62 63
56 63 55
35 53 54
35 30 31
35 31 34
32 33 34
32 34 31
36 53 35
53 36 37
53 37 52
38 45 50
50 52 37
38 50 37
50 51 52
50 45 46
50 46 49
38 44 45
39 44 38
39 43 44
41 43 39
40 41 39
41 42 43
47 49 46
47 48 49
56 61 62
57 61 56
61 57 58
61 58 59
61 59 60
263 332 341
263 341 360
371 263 360
371 360 361
371 361 370
332 263 309
332 309 331
341 332 333
335 341 333
335 333 334
359 360 341
358 359 341
342 358 341
369 370 361
362 369 361
369 362 363
369 363 364
369 364 368
365 368 364
368 365 366
368 366 367
342 357 358
343 357 342
357 343 352
356 357 352
356 352 355
344 352 343
353 355 352
353 354 355
344 351 352
345 351 344
351 345 348
351 348 349
351 349 350
347 348 345
346 347 345
341 335 336
341 336 337
341 337 338
341 338 339
341 339 340
264 309 263
310 330 331
310 331 309
310 329 330
312 329 310
311 312 310
329 312 313
313 314 328
329 313 328
317 328 314
317 314 316
328 317 318
328 318 319
328 319 320
328 320 327
324 327 320
321 324 320
327 324 325
327 325 326
321 323 324
321 322 323
314 315 316
309 264 275
309 275 307
309 307 308
265 275 264
276 301 302
276 302 303
276 303 305
276 305 307
276 307 275
305 306 307
303 304 305
276 300 301
281 300 276
281 276 280
300 281 282
297 300 282
297 282 296
283 285 293
283 293 296
283 296 282
294 296 293
285 292 293
283 284 285
286 292 285
292 286 287
292 287 291
288 291 287
291 288 289
291 289 290
294 295 296
300 297 298
300 298 299
277 280 276
280 277 278
280 278 279
265 266 267
275 265 267
275 267 274
268 272 274
268 274 267
272 273 274
272 268 269
272 269 270
272 270 271
9 10 12
9 12 8
10 11 12
391 392 393
5 2 3
5 3 4
2 398 399
2 399 0
2 0 1
