198
128 126 127
128 138 125
126 128 125
128 137 138
139 125 138
139 124 125
140 124 139
124 140 121
124 121 122
124 122 123
141 121 140
121 141 166
121 166 120
142 166 141
167 120 166
120 167 114
115 120 114
168 114 167
168 113 114
173 113 168
169 173 168
173 112 113
173 169 171
173 171 172
169 170 171
174 112 173
112 174 110
112 110 111
175 110 174
175 109 110
176 109 175
176 108 109
177 108 176
177 107 108
178 106 107
178 107 177
178 105 106
180 105 178
180 178 179
180 104 105
181 104 180
5 101 104
104 181 184
5 104 184
5 184 189
5 189 4
182 184 181
185 186 187
188 189 184
187 188 184
185 187 184
190 4 189
193 4 190
193 190 192
190 191 192
4 193 195
195 196 3
4 195 3
193 194 195
197 2 3
197 3 196
2 197 198
2 198 1
199 1 198
199 0 1
182 183 184
104 101 102
104 102 103
5 100 101
8 100 5
8 5 7
100 8 10
100 10 99
8 9 10
11 97 98
11 98 99
11 99 10
11 96 97
14 96 11
14 11 12
14 12 13
96 14 15
96 15 95
16 95 15
95 16 18
95 18 94
16 17 18
19 94 18
94 19 20
94 20 93
21 91 92
21 92 93
21 93 20
91 21 35
91 35 90
21 34 35
36 90 35
90 36 37
90 37 89
38 89 37
89 38 60
89 60 61
89 61 88
39 60 38
62 88 61
88 62 84
85 88 84
63 65 67
68 71 82
67 68 82
63 67 82
83 84 62
82 83 62
63 82 62
72 80 82
72 82 71
68 70 71
65 66 67
63 64 65
68 69 70
80 81 82
80 72 73
80 73 74
80 74 76
76 77 79
80 76 79
74 75 76
77 78 79
88 85 86
88 86 87
60 39 41
60 41 47
60 47 48
60 48 49
60 49 55
60 55 56
60 56 59
39 40 41
47 41 42
47 42 43
47 43 44
47 44 45
47 45 46
50 54 55
50 55 49
57 58 59
57 59 56
50 53 54
51 53 50
51 52 53
22 34 21
22 33 34
24 32 33
24 33 22
24 22 23
24 31 32
30 31 24
25 30 24
30 25 26
30 26 29
27 29 26
27 28 29
5 6 7
120 115 117
120 117 119
115 116 117
117 118 119
142 143 145
166 142 145
145 147 165
166 145 165
143 144 145
145 146 147
148 164 165
148 165 147
164 148 149
164 149 163
150 158 163
150 163 149
158 162 163
158 150 151
158 151 157
152 157 151
157 152 153
157 153 154
157 154 155
157 155 156
159 162 158
162 159 160
162 160 161
129 137 128
137 129 130
137 130 136
133 136 130
131 133 130
133 135 136
131 132 133
133 134 135
