148
111 109 110
116 109 111
116 111 112
116 112 113
116 113 114
116 114 115
109 116 117
109 117 106
108 109 106
107 108 106
119 106 117
118 119 117
106 119 102
106 102 105
120 100 102
120 102 119
104 105 102
103 104 102
100 101 102
100 120 123
100 123 98
100 98 99
120 122 123
124 97 98
124 98 123
97 124 6
97 6 91
94 97 91
94 91 93
124 5 6
7 8 9
9 91 6
7 9 6
91 92 93
91 9 89
91 89 90
10 89 9
10 88 89
78 87 88
77 78 88
11 77 88
11 88 10
87 78 79
87 79 80
87 80 86
77 11 12
77 12 76
13 76 12
76 13 32
76 32 75
15 32 13
15 13 14
33 75 32
74 75 33
74 33 73
34 65 66
34 66 72
34 72 73
34 73 33
67 72 66
65 34 35
65 35 64
36 64 35
64 36 40
64 40 63
40 36 37
40 37 38
40 38 39
50 62 63
50 63 40
50 40 41
50 41 42
50 42 43
50 43 44
50 44 49
62 50 57
62 57 58
62 58 59
62 59 61
51 57 50
59 60 61
57 51 54
57 54 56
52 54 51
54 55 56
52 53 54
46 48 49
45 46 49
45 49 44
46 47 48
67 71 72
68 69 71
68 71 67
69 70 71
32 15 27
32 27 29
32 29 30
32 30 31
15 26 27
27 28 29
16 26 15
26 16 17
26 17 25
18 25 17
18 24 25
19 22 24
19 24 18
22 23 24
19 21 22
19 20 21
81 86 80
86 81 84
86 84 85
82 83 84
82 84 81
125 131 5
125 5 124
131 4 5
125 130 131
126 130 125
126 129 130
127 128 129
127 129 126
132 148 4
132 4 131
149 4 148
148 132 136
148 136 137
148 137 147
132 135 136
138 147 137
138 146 147
139 143 145
139 145 146
139 146 138
143 144 145
143 139 140
143 140 142
140 141 142
133 134 135
133 135 132
149 3 4
0 3 149
3 0 1
3 1 2
97 94 95
97 95 96
120 121 122
