598
498 496 497
498 495 496
499 494 495
499 495 498
499 493 494
502 505 506
514 515 490
506 514 490
502 506 490
502 490 491
502 491 493
502 493 499
502 499 501
491 492 493
516 490 515
514 506 510
514 510 511
514 511 512
514 512 513
502 504 505
502 503 504
507 510 506
507 509 510
507 508 509
516 489 490
517 50 489
517 489 516
50 488 489
517 49 50
518 49 517
49 518 519
519 520 524
49 519 524
524 34 36
524 36 48
49 524 48
524 520 521
524 521 522
524 522 523
524 33 34
34 35 36
37 46 48
37 48 36
46 47 48
37 45 46
38 43 45
38 45 37
43 44 45
43 38 41
43 41 42
39 40 41
39 41 38
525 577 32
525 32 33
525 33 524
579 25 32
579 32 577
579 577 578
577 525 541
577 541 544
544 545 576
577 544 576
526 541 525
542 544 541
546 576 545
576 546 548
576 548 575
546 547 548
549 575 548
575 549 568
575 568 574
553 557 558
558 568 549
553 558 549
553 549 552
569 574 568
574 569 570
574 570 571
574 571 573
571 572 573
568 558 559
568 559 567
557 553 554
557 554 556
554 555 556
560 566 567
560 567 559
566 560 563
566 563 565
561 562 563
561 563 560
563 564 565
550 552 549
550 551 552
542 543 544
526 540 541
527 540 526
540 527 538
540 538 539
528 537 538
528 538 527
537 528 529
537 529 530
537 530 534
537 534 535
537 535 536
532 534 530
532 530 531
532 533 534
25 31 32
25 579 580
25 580 24
583 24 580
581 583 580
24 583 584
24 584 585
24 585 23
581 582 583
586 23 585
586 592 593
23 586 593
23 593 21
23 21 22
591 592 586
591 586 587
591 587 590
594 19 20
20 21 593
594 20 593
17 19 594
17 594 599
17 599 14
17 14 15
17 15 16
594 598 599
0 12 13
0 13 14
0 14 599
0 11 12
1 3 4
4 11 0
1 4 0
11 4 7
11 7 8
11 8 10
1 2 3
6 7 4
5 6 4
8 9 10
595 598 594
598 595 596
598 596 597
17 18 19
589 590 587
588 589 587
26 31 25
31 26 27
31 27 28
31 28 29
31 29 30
51 488 50
51 487 488
53 481 482
53 482 487
53 487 51
53 51 52
483 486 487
483 487 482
481 53 465
481 465 480
54 62 65
65 465 53
54 65 53
466 468 479
466 479 480
466 480 465
473 477 479
473 479 468
473 468 470
473 470 472
466 467 468
477 478 479
477 473 474
477 474 475
477 475 476
468 469 470
470 471 472
465 65 66
465 66 464
65 62 63
65 63 64
62 54 55
62 55 56
56 57 60
62 56 60
62 60 61
58 60 57
58 59 60
67 462 463
67 463 464
67 464 66
67 461 462
68 461 67
461 68 458
459 461 458
69 455 456
69 456 458
69 458 68
456 457 458
69 454 455
424 425 426
72 424 426
72 426 451
72 451 452
72 452 454
72 454 69
72 69 71
452 453 454
428 451 426
428 426 427
72 423 424
77 423 72
77 72 73
77 73 75
77 75 76
423 77 420
421 423 420
78 420 77
420 78 79
420 79 419
80 300 301
301 417 418
80 301 418
418 419 79
80 418 79
417 301 302
417 302 415
417 415 416
300 80 81
300 81 299
276 299 81
276 81 275
299 276 279
299 279 298
277 279 276
280 298 279
298 280 295
298 295 296
298 296 297
281 295 280
295 281 282
295 282 294
293 294 282
283 293 282
283 292 293
284 292 283
292 284 286
292 286 287
292 287 291
284 285 286
288 291 287
291 288 289
291 289 290
277 278 279
82 273 274
82 274 275
82 275 81
82 272 273
83 272 82
83 271 272
84 271 83
271 84 86
271 86 87
271 87 88
271 88 89
141 271 89
141 89 138
141 138 140
84 85 86
90 138 89
138 139 140
138 90 93
138 93 137
90 92 93
94 111 135
94 135 136
94 136 137
94 137 93
111 134 135
111 94 95
111 95 96
111 96 97
111 97 100
111 100 101
111 101 102
111 102 103
111 103 110
98 99 100
98 100 97
105 110 103
105 103 104
110 105 106
110 106 108
110 108 109
106 107 108
112 133 134
112 134 111
112 132 133
113 125 126
113 126 127
113 127 132
113 132 112
128 130 132
128 132 127
113 124 125
114 124 113
114 123 124
117 123 114
115 117 114
123 117 121
123 121 122
115 116 117
118 121 117
121 118 119
121 119 120
130 131 132
128 129 130
90 91 92
142 143 270
141 142 270
271 141 270
144 270 143
144 269 270
145 269 144
145 268 269
242 243 268
146 242 268
146 268 145
267 268 243
267 243 266
146 148 152
146 152 241
242 146 241
146 147 148
148 151 152
154 241 152
154 152 153
241 154 158
241 158 159
241 159 240
155 156 158
155 158 154
160 240 159
160 239 240
161 239 160
239 161 162
239 162 236
239 236 238
179 236 162
167 179 162
167 162 163
167 163 164
167 164 166
236 237 238
164 165 166
236 179 233
236 233 235
179 167 168
179 168 169
179 169 178
170 178 169
170 177 178
171 177 170
177 171 173
177 173 176
171 172 173
174 176 173
174 175 176
180 233 179
233 234 235
233 180 181
233 181 232
182 225 231
182 231 232
182 232 181
226 228 231
226 231 225
182 224 225
183 195 198
183 198 201
201 212 224
183 201 224
183 224 182
216 224 212
214 216 212
214 212 213
212 201 208
212 208 209
212 209 211
201 198 199
201 199 200
195 197 198
195 183 184
195 184 194
185 191 192
192 194 184
185 192 184
192 193 194
191 185 186
191 186 187
191 187 188
191 188 190
188 189 190
195 196 197
202 206 208
202 208 201
209 210 211
206 207 208
202 205 206
203 204 205
203 205 202
224 216 218
224 218 219
224 219 223
214 215 216
216 217 218
221 223 219
220 221 219
221 222 223
231 228 229
231 229 230
226 227 228
156 157 158
149 151 148
149 150 151
244 265 266
244 266 243
265 244 245
265 245 264
249 264 245
249 245 246
249 246 248
264 249 250
264 250 261
264 261 263
251 252 253
251 253 260
251 260 261
251 261 250
261 262 263
260 253 254
260 254 259
255 259 254
255 258 259
257 258 255
256 257 255
246 247 248
303 414 415
303 415 302
414 303 397
400 414 397
400 397 398
400 398 399
392 393 394
304 392 394
394 397 303
304 394 303
394 396 397
392 304 306
392 306 391
304 305 306
307 388 389
307 389 390
307 390 391
307 391 306
388 307 383
384 388 383
313 382 383
313 383 307
313 307 312
313 381 382
314 380 381
314 381 313
314 379 380
328 336 379
324 328 379
324 379 314
315 324 314
357 379 336
336 337 356
357 336 356
328 335 336
328 324 325
328 325 326
328 326 327
324 315 316
316 317 320
324 316 320
324 320 323
318 320 317
321 322 323
321 323 320
318 319 320
329 335 328
329 334 335
330 334 329
334 330 331
334 331 332
334 332 333
379 357 358
358 359 378
379 358 378
360 378 359
378 360 363
378 363 364
365 366 367
364 365 367
364 367 368
364 368 377
378 364 377
361 363 360
369 377 368
377 369 370
377 370 371
377 371 375
377 375 376
372 375 371
372 374 375
372 373 374
361 362 363
338 354 355
355 356 337
338 355 337
338 353 354
351 353 338
339 351 338
351 352 353
351 339 340
351 340 341
351 341 350
342 350 341
350 342 343
350 343 349
344 349 343
349 344 345
349 345 347
349 347 348
345 346 347
308 309 310
308 310 312
308 312 307
310 311 312
388 384 385
388 385 386
388 386 387
394 395 396
414 400 401
414 401 412
414 412 413
402 412 401
412 402 403
403 405 411
412 403 411
403 404 405
406 411 405
411 406 407
411 407 408
411 408 409
411 409 410
421 422 423
73 74 75
451 428 429
451 429 450
434 439 440
440 441 444
444 450 429
440 444 429
440 429 431
434 440 431
434 431 433
450 444 448
450 448 449
441 443 444
439 434 435
439 435 436
436 437 438
439 436 438
441 442 443
445 448 444
445 447 448
445 446 447
429 430 431
431 432 433
69 70 71
459 460 461
483 485 486
483 484 485
499 500 501
