98
15 27 12
15 12 13
15 13 14
29 10 11
29 11 12
29 12 27
29 27 28
27 15 25
27 25 26
20 25 15
18 20 15
18 15 17
15 16 17
25 20 21
25 21 24
18 19 20
23 24 21
22 23 21
29 9 10
30 92 93
30 93 95
30 95 9
30 9 29
96 9 95
93 94 95
92 30 31
31 34 81
92 31 81
92 81 91
31 33 34
55 78 81
55 81 34
55 34 35
53 55 35
53 35 36
53 36 52
82 91 81
91 82 83
83 84 90
91 83 90
85 90 84
90 85 86
90 86 89
87 89 86
87 88 89
81 78 79
81 79 80
55 77 78
53 54 55
56 72 74
56 74 75
56 75 76
76 77 55
56 76 55
72 73 74
72 56 57
72 57 62
72 62 71
58 62 57
64 65 67
64 67 68
63 64 68
63 68 70
63 70 71
63 71 62
68 69 70
65 66 67
62 58 59
62 59 60
62 60 61
37 51 52
37 52 36
37 38 50
51 37 50
39 50 38
50 39 42
50 42 49
40 42 39
43 49 42
43 48 49
44 47 48
44 48 43
47 44 45
47 45 46
40 41 42
31 32 33
96 99 3
9 96 3
9 3 8
96 98 99
0 2 3
0 3 99
4 7 8
4 8 3
7 4 5
7 5 6
0 1 2
96 97 98
