19
0.0774155313078 0.8113376396024
0.0681084508445 0.4855898233843
0.2011792554782 0.2525821297921
0.0805178914623 0.0977948040772
0.356627945209 0.1008971642316
0.5041553935497 0.3536057313367
0.5489742747854 0.109873562687
0.7816512863697 0.1288184056217
0.7382182442073 0.5263142984417
0.8530055699222 0.5380308195229
0.8933362519302 0.1195113251584
0.9522810948648 0.4049284593684
0.8530055699222 0.693447953733
0.6917459529319 0.6624243521884
0.3162972632011 0.7927234786756
0.1859981367139 0.6314007506438
0.4935255850546 0.6596842295626
0.2914783819654 0.4521567812219
0.1704863359416 0.4321567825897
