30
0.958227 0.617728
0.945768 0.909339
0.846409 0.804703
0.59806 0.561857
0.66625 0.993695
0.562392 0.889627
0.46228 0.635087
0.546251 0.964603
0.416472 0.651083
0.430968 0.746646
0.417844 0.875257
0.354905 0.901877
0.186207 0.815381
0.326139 0.460901
0.215055 0.592623
0.040598 0.498324
0.050451 0.347566
0.088469 0.269772
0.02871 0.089455
0.011803 0.052239
0.30764 0.007197
0.212068 0.101833
0.19862 0.132528
0.920125 0.094584
0.713222 0.225501
0.639008 0.30759
0.938329 0.214108
0.797943 0.426823
0.889367 0.449153
0.947884 0.597343
