1000
0.00775 0.14924
0.012795 0.139285
0.009297 0.12428
0.017999 0.069902
0.029728 0.070244
0.020215 0.031239
0.019994 0.027162
0.024205 0.000586
0.036028 0.009819
0.036813 0.025884
0.052767 0.051808
0.051993 0.041543
0.09338 0.085493
0.08588 0.062257
0.125155 0.030599
0.125199 0.069271
0.125454 0.053439
0.138781 0.048443
0.141149 0.052122
0.126783 0.072495
0.076085 0.123365
0.067453 0.145981
0.04777 0.149426
0.113949 0.145421
0.100071 0.124578
0.14901 0.165562
0.132316 0.141554
0.115676 0.097888
0.158094 0.091179
0.165653 0.103151
0.192747 0.082064
0.179756 0.063131
0.182083 0.049988
0.20269 0.018336
0.248609 0.020897
0.239734 0.05662
0.266707 0.09748
0.324468 0.158775
0.306695 0.171377
0.326052 0.182784
0.334249 0.171607
0.307283 0.230555
0.345109 0.242325
0.346002 0.233468
0.345271 0.218836
0.349821 0.217374
0.353466 0.208897
0.39697 0.234312
0.434888 0.181376
0.483468 0.168642
0.472384 0.169662
0.405058 0.152087
0.411991 0.185142
0.395523 0.192814
0.391096 0.193102
0.377235 0.200347
0.365448 0.179244
0.349387 0.144687
0.344482 0.118314
0.325269 0.116694
0.288315 0.10058
0.277814 0.084592
0.290984 0.042182
0.315281 0.051449
0.310315 0.045785
0.311855 0.044043
0.323497 0.040373
0.358441 0.015423
0.377001 0.022765
0.392011 0.02462
0.400122 0.097015
0.419077 0.090192
0.43214 0.065315
0.446778 0.059676
0.450825 0.05676
0.448121 0.056008
0.438144 0.035119
0.473163 0.042992
0.485967 0.046654
0.528835 0.091962
0.532874 0.090506
0.555018 0.111706
0.571286 0.10966
0.536444 0.146524
0.55237 0.151004
0.574378 0.157723
0.574356 0.181388
0.576135 0.180615
0.534608 0.20091
0.540306 0.208753
0.5338 0.231166
0.533069 0.246355
0.54928 0.257484
0.50618 0.288292
0.497278 0.249827
0.454948 0.258435
0.467849 0.267993
0.485225 0.287904
0.513941 0.306055
0.494169 0.359381
0.458981 0.333328
0.440776 0.336275
0.434678 0.347572
0.463052 0.353281
0.478932 0.391204
0.434939 0.386783
0.439521 0.414468
0.459821 0.427634
0.433641 0.441033
0.440755 0.456331
0.447668 0.469041
0.408906 0.502065
0.407738 0.508168
0.349797 0.474324
0.335535 0.441552
0.361349 0.436052
0.382577 0.43214
0.358622 0.411122
0.340826 0.396157
0.336892 0.386203
0.391441 0.32647
0.398682 0.313606
0.412869 0.282283
0.404304 0.295321
0.386754 0.304179
0.369335 0.306615
0.37597 0.328681
0.354859 0.352609
0.332882 0.34006
0.3142 0.3346
0.322374 0.303691
0.317609 0.29911
0.283124 0.329561
0.305601 0.337075
0.315378 0.36001
0.322381 0.390337
0.311313 0.40944
0.267269 0.390661
0.277073 0.406095
0.292162 0.423065
0.274413 0.44267
0.306177 0.440321
0.311098 0.470125
0.311236 0.504459
0.315715 0.54491
0.245038 0.486841
0.235529 0.502117
0.21852 0.506177
0.23636 0.51444
0.269479 0.548832
0.258455 0.559975
0.2112 0.51232
0.235164 0.577629
0.252624 0.564479
0.227691 0.583936
0.221733 0.600438
0.240188 0.604964
0.264717 0.577363
0.273424 0.580938
0.288571 0.576415
0.369836 0.556855
0.340825 0.549859
0.329689 0.513045
0.321046 0.506057
0.319929 0.497671
0.330695 0.494009
0.36186 0.488504
0.374556 0.499382
0.385724 0.50859
0.418353 0.553498
0.415914 0.535772
0.415698 0.521286
0.444482 0.51057
0.49077 0.507513
0.622482 0.541502
0.589802 0.531036
0.570734 0.526042
0.600275 0.517289
0.573669 0.49558
0.598456 0.471101
0.582504 0.447864
0.568791 0.439063
0.568178 0.457122
0.568594 0.482568
0.56806 0.487511
0.535626 0.491596
0.523835 0.483207
0.489655 0.493657
0.478817 0.483315
0.480513 0.461624
0.495964 0.460232
0.486137 0.45387
0.481553 0.451708
0.515207 0.45358
0.506868 0.441487
0.489245 0.425884
0.495896 0.416403
0.514618 0.374618
0.50708 0.358162
0.554084 0.435883
0.546085 0.409721
0.541124 0.399142
0.559166 0.390228
0.601534 0.382941
0.60997 0.416714
0.610832 0.365625
0.664329 0.375981
0.689536 0.399076
0.684973 0.387541
0.695819 0.367998
0.696055 0.339885
0.726009 0.33659
0.742593 0.313755
0.761943 0.320994
0.765209 0.30936
0.721808 0.265728
0.734087 0.287764
0.740847 0.294575
0.733709 0.304056
0.717398 0.330162
0.702976 0.324699
0.693301 0.336961
0.667418 0.36022
0.656957 0.367486
0.651264 0.362945
0.608076 0.309068
0.613123 0.334845
0.618579 0.341816
0.609416 0.355695
0.608579 0.363263
0.568748 0.333378
0.581948 0.344309
0.576616 0.36846
0.542028 0.363137
0.526876 0.343352
0.532566 0.325443
0.526452 0.306171
0.516689 0.302993
0.51326 0.283498
0.532958 0.283716
0.550807 0.293437
0.579341 0.28051
0.572827 0.265211
0.585018 0.235811
0.615948 0.2302
0.651549 0.282068
0.701613 0.269225
0.673204 0.244364
0.649366 0.244263
0.63778 0.203482
0.609853 0.185882
0.607136 0.177969
0.609497 0.15403
0.667525 0.164567
0.691096 0.145918
0.661263 0.135557
0.638991 0.11897
0.610625 0.120935
0.583064 0.098981
0.565607 0.060538
0.551313 0.038713
0.517431 0.040536
0.486668 0.003929
0.507055 0.000356
0.517678 0.00391
0.563593 0.000213
0.54915 0.022676
0.563908 0.011589
0.565018 0.008053
0.586709 0.030332
0.601252 0.022346
0.608593 0.05688
0.615976 0.044778
0.630123 0.066703
0.632088 0.064254
0.658425 0.075792
0.646193 0.047046
0.666908 0.013688
0.692065 0.030759
0.713124 0.006883
0.714543 0.024533
0.735529 0.030129
0.749385 0.042159
0.75789 0.044893
0.776774 0.052743
0.78604 0.059419
0.824578 0.052755
0.841293 0.056274
0.865121 0.110977
0.888213 0.117861
0.82264 0.10462
0.809271 0.126949
0.804681 0.133443
0.793854 0.123015
0.786338 0.09555
0.784619 0.123775
0.794489 0.139542
0.795134 0.143598
0.785302 0.148953
0.750617 0.163401
0.737657 0.086223
0.720058 0.090764
0.715686 0.097274
0.732638 0.12731
0.731885 0.132376
0.732757 0.173496
0.709956 0.195781
0.752004 0.21346
0.738762 0.217266
0.739927 0.218302
0.754445 0.224064
0.780973 0.244353
0.772481 0.217046
0.766403 0.200908
0.755654 0.173847
0.773829 0.158028
0.788059 0.167554
0.809625 0.178021
0.795657 0.164106
0.79607 0.148638
0.799513 0.148298
0.828788 0.158007
0.849809 0.147876
0.862274 0.157873
0.830334 0.166672
0.794942 0.247639
0.824842 0.275163
0.833781 0.28794
0.829902 0.255831
0.854266 0.28856
0.855178 0.34183
0.874423 0.35579
0.886046 0.340567
0.882874 0.335506
0.874069 0.333212
0.864958 0.315361
0.888871 0.276974
0.873217 0.264591
0.828669 0.246787
0.835398 0.217866
0.85364 0.187373
0.880036 0.170715
0.917511 0.175137
0.915907 0.156806
0.907775 0.131296
0.896899 0.105431
0.875592 0.102352
0.866255 0.072504
0.847864 0.049776
0.839334 0.0243
0.849161 0.009583
0.933667 0.011638
0.95406 0.010902
0.972818 0.000512
0.971829 0.008501
0.99888 0.016123
0.994956 0.036888
0.96591 0.045317
0.95929 0.052872
0.951319 0.071601
0.958117 0.114302
0.95442 0.152976
0.994229 0.168475
0.963243 0.19424
0.992802 0.209667
0.991743 0.252145
0.957672 0.259142
0.960691 0.268916
0.943251 0.267965
0.947782 0.277352
0.937431 0.326907
0.926786 0.354878
0.933945 0.36124
0.938762 0.354437
0.957403 0.330935
0.954369 0.302068
0.962304 0.300342
0.971612 0.293104
0.996726 0.314756
0.998196 0.367252
0.983496 0.4137
0.966897 0.426564
0.918216 0.429405
0.90612 0.423924
0.899261 0.387629
0.820346 0.381625
0.829364 0.394613
0.833566 0.399736
0.880166 0.411754
0.896608 0.429504
0.909578 0.431494
0.906304 0.454359
0.911186 0.454919
0.921243 0.46295
0.927382 0.441997
0.934288 0.438369
0.945106 0.450052
0.917836 0.498648
0.92677 0.483294
0.944496 0.473741
0.956598 0.478417
0.959645 0.47359
0.95206 0.456791
0.959944 0.451438
0.984576 0.43961
0.99811 0.492335
0.998353 0.507874
0.990908 0.541489
0.959228 0.533119
0.974549 0.573171
0.961914 0.591064
0.934951 0.554309
0.931737 0.560845
0.925642 0.593161
0.887823 0.586062
0.885372 0.619345
0.866329 0.55433
0.839172 0.565059
0.836105 0.526028
0.831257 0.539357
0.825998 0.53775
0.819329 0.546421
0.828527 0.498928
0.838503 0.406487
0.83548 0.429916
0.812537 0.460158
0.792672 0.450103
0.789643 0.453792
0.789819 0.465868
0.805099 0.490211
0.811451 0.509598
0.811263 0.51004
0.810427 0.537376
0.802627 0.552112
0.781706 0.52869
0.774739 0.534224
0.76709 0.538716
0.770309 0.551762
0.757675 0.507559
0.767767 0.4953
0.742414 0.451781
0.737843 0.446911
0.738983 0.426346
0.764964 0.410452
0.770895 0.388095
0.765469 0.401681
0.779309 0.361931
0.761675 0.367917
0.755096 0.376093
0.757035 0.381477
0.72827 0.394728
0.735596 0.413598
0.71976 0.423477
0.734329 0.431163
0.72951 0.441125
0.708105 0.454167
0.625364 0.435729
0.639633 0.447114
0.649053 0.445022
0.652987 0.454566
0.677755 0.460029
0.697259 0.469827
0.707323 0.465046
0.728294 0.465287
0.73594 0.487444
0.71955 0.505598
0.658755 0.483551
0.677606 0.495648
0.652183 0.484497
0.650737 0.492654
0.66149 0.549253
0.666048 0.547255
0.670677 0.51348
0.688856 0.514086
0.698433 0.527499
0.7018 0.553366
0.722626 0.559385
0.739514 0.557366
0.762256 0.55674
0.769627 0.570973
0.756332 0.610676
0.72568 0.608865
0.704091 0.610703
0.701497 0.616699
0.710316 0.624557
0.741996 0.630497
0.705784 0.659559
0.664943 0.612
0.668022 0.638746
0.677758 0.647149
0.691721 0.671289
0.704683 0.676323
0.728393 0.664931
0.76037 0.672357
0.740729 0.638582
0.750109 0.64164
0.762163 0.629627
0.757124 0.610945
0.763911 0.590134
0.785867 0.592385
0.79128 0.613488
0.786986 0.650862
0.789884 0.644822
0.808349 0.632571
0.81658 0.633307
0.820922 0.660744
0.814536 0.685799
0.839266 0.671822
0.841111 0.652014
0.854979 0.64287
0.884374 0.648512
0.901615 0.629952
0.916233 0.62582
0.945759 0.599161
0.954738 0.600019
0.94733 0.667954
0.906087 0.675572
0.858837 0.74499
0.836823 0.723747
0.819742 0.741685
0.808509 0.711617
0.811631 0.69877
0.809755 0.704731
0.804464 0.708518
0.779366 0.73118
0.777642 0.742208
0.789771 0.735246
0.795525 0.750356
0.781966 0.770384
0.809432 0.765269
0.819207 0.764663
0.831515 0.757785
0.842583 0.775975
0.806357 0.832652
0.825792 0.806434
0.77861 0.907062
0.801532 0.865774
0.820588 0.857883
0.856171 0.815857
0.865828 0.796478
0.906547 0.794714
0.900679 0.789473
0.865813 0.776156
0.87401 0.759426
0.870415 0.741552
0.933625 0.783958
0.949833 0.748724
0.912974 0.748905
0.888142 0.715667
0.904103 0.710491
0.920347 0.703902
0.934333 0.699284
0.955526 0.690212
0.953962 0.675693
0.972943 0.663173
0.980001 0.662747
0.995033 0.757777
0.977007 0.821064
0.987741 0.860561
0.978625 0.971356
0.932572 0.932142
0.92823 0.936502
0.896842 0.967395
0.866436 0.991319
0.860208 0.974092
0.853371 0.964622
0.913287 0.903511
0.925345 0.864048
0.874222 0.870635
0.880926 0.907225
0.868621 0.921852
0.831493 0.910701
0.837558 0.929017
0.841967 0.951919
0.831597 0.970322
0.79229 0.992487
0.759097 0.984998
0.752686 0.987553
0.724782 0.959049
0.7717 0.928912
0.75323 0.933695
0.738692 0.928938
0.715181 0.942386
0.703456 0.967843
0.693217 0.905752
0.714551 0.90143
0.682447 0.888178
0.695916 0.874084
0.775609 0.90741
0.746324 0.891162
0.738233 0.857607
0.729486 0.855745
0.739008 0.801659
0.732645 0.825902
0.693218 0.812054
0.714443 0.839385
0.705313 0.84813
0.656368 0.855755
0.620743 0.904381
0.644712 0.890488
0.649388 0.886948
0.666517 0.887983
0.677165 0.901994
0.686751 0.912923
0.65914 0.93287
0.692602 0.937938
0.688034 0.955514
0.591011 0.996395
0.611244 0.955364
0.576885 0.922147
0.581373 0.946393
0.58201 0.95975
0.592599 0.976735
0.585186 0.984227
0.550278 0.992173
0.543714 0.957579
0.542683 0.921638
0.529514 0.93939
0.563038 0.872466
0.515897 0.868346
0.519808 0.893328
0.504611 0.916341
0.442574 0.907872
0.46585 0.927868
0.480142 0.961148
0.486727 0.998976
0.404056 0.999681
0.382137 0.969149
0.435505 0.960137
0.408826 0.947777
0.432901 0.913004
0.440652 0.86076
0.487902 0.86295
0.479677 0.849339
0.415099 0.842931
0.432983 0.870994
0.393033 0.881593
0.399611 0.89366
0.393533 0.914198
0.361414 0.953711
0.359871 0.967977
0.362397 0.923608
0.33006 0.919722
0.30645 0.891018
0.359105 0.860681
0.352653 0.855031
0.352007 0.853403
0.330965 0.841536
0.332352 0.831525
0.375754 0.811645
0.366961 0.80647
0.407323 0.795037
0.43818 0.813046
0.441637 0.75931
0.459781 0.820432
0.489177 0.799546
0.489549 0.785178
0.48427 0.765843
0.464801 0.75233
0.460269 0.714606
0.493146 0.697398
0.513308 0.727098
0.499877 0.687918
0.515037 0.671046
0.545846 0.685318
0.534102 0.746356
0.547888 0.735152
0.545506 0.721243
0.567697 0.675978
0.589807 0.736878
0.570659 0.777031
0.530854 0.791866
0.567349 0.814849
0.574069 0.797045
0.623134 0.829717
0.602967 0.816114
0.610623 0.774703
0.63072 0.763185
0.65669 0.754937
0.634206 0.749166
0.632055 0.747781
0.637661 0.726685
0.666111 0.743435
0.691614 0.760638
0.732577 0.764593
0.723528 0.73177
0.678328 0.735208
0.671248 0.714612
0.654789 0.688292
0.634211 0.711236
0.632174 0.711794
0.623432 0.72397
0.608386 0.710951
0.597314 0.704226
0.59013 0.691103
0.587769 0.682053
0.626992 0.666912
0.601912 0.648528
0.644615 0.597786
0.615903 0.611408
0.582565 0.630756
0.576217 0.622774
0.567782 0.621616
0.56808 0.653722
0.539859 0.656346
0.507674 0.655862
0.521952 0.600282
0.562066 0.588394
0.561839 0.583391
0.546818 0.588687
0.531322 0.577481
0.458753 0.563542
0.429929 0.55949
0.445473 0.599832
0.448687 0.580843
0.478488 0.572956
0.483014 0.572162
0.507277 0.578416
0.521033 0.598972
0.509045 0.60435
0.515655 0.622754
0.504519 0.629613
0.489963 0.654542
0.460587 0.612598
0.436835 0.628632
0.409806 0.621875
0.410367 0.625172
0.414305 0.629559
0.379765 0.671499
0.385474 0.667657
0.406251 0.667833
0.432387 0.676066
0.45454 0.655444
0.456075 0.651032
0.466627 0.654405
0.481613 0.674267
0.472423 0.681642
0.463845 0.695787
0.442763 0.706252
0.449446 0.717991
0.459836 0.725479
0.431969 0.751105
0.435356 0.765078
0.41874 0.769965
0.40734 0.766589
0.372206 0.78253
0.339389 0.772905
0.352341 0.738638
0.38292 0.71206
0.370823 0.712614
0.333026 0.716868
0.339079 0.705938
0.32738 0.710632
0.322776 0.718225
0.350458 0.618028
0.33349 0.610988
0.327407 0.627876
0.316275 0.667141
0.313909 0.674174
0.30959 0.679182
0.291021 0.693421
0.278909 0.668946
0.255729 0.620349
0.264319 0.640318
0.252434 0.650369
0.272771 0.676519
0.276034 0.69698
0.207749 0.674511
0.179013 0.619163
0.174054 0.595229
0.168313 0.605993
0.113587 0.656616
0.143667 0.640944
0.174829 0.6729
0.179851 0.709327
0.194957 0.696445
0.233397 0.704097
0.252435 0.701204
0.209447 0.713317
0.231605 0.716131
0.248936 0.734246
0.277425 0.71212
0.284392 0.716652
0.307828 0.744737
0.315407 0.772176
0.326452 0.791283
0.308232 0.806379
0.301833 0.824745
0.265542 0.780258
0.228495 0.793494
0.213106 0.762868
0.200368 0.771696
0.207823 0.778309
0.213927 0.796868
0.178758 0.813335
0.172359 0.81585
0.16628 0.75627
0.100459 0.742221
0.113558 0.750785
0.137867 0.760713
0.167396 0.776144
0.165093 0.804475
0.171167 0.819851
0.185499 0.842159
0.192836 0.845825
0.21826 0.851675
0.22161 0.897634
0.235737 0.888765
0.231549 0.868639
0.241407 0.856022
0.232812 0.851257
0.24271 0.831085
0.250899 0.818751
0.267774 0.806939
0.288124 0.834218
0.292107 0.869607
0.282086 0.890644
0.292114 0.922427
0.300754 0.930503
0.317568 0.947929
0.321944 0.96354
0.307351 0.968862
0.281333 0.998867
0.244382 0.978761
0.25871 0.96791
0.26272 0.940346
0.242042 0.953889
0.235611 0.954683
0.188387 0.937572
0.167768 0.938203
0.1697 0.940728
0.192781 0.950146
0.206586 0.950508
0.214699 0.958742
0.228727 0.967632
0.228531 0.980364
0.221856 0.986513
0.197579 0.976542
0.181736 0.971465
0.168767 0.994411
0.14734 0.877996
0.150331 0.903231
0.141972 0.935356
0.120029 0.944102
0.127988 0.96739
0.101549 0.983599
0.061004 0.949946
0.037179 0.958545
0.006301 0.976041
0.000561 0.904705
0.001711 0.902909
0.05663 0.906686
0.038872 0.884761
0.032042 0.885292
0.00147 0.870812
0.000434 0.823189
0.035596 0.847943
0.059417 0.847487
0.10124 0.853563
0.086028 0.90019
0.124047 0.867613
0.10904 0.84218
0.142108 0.869656
0.127085 0.804787
0.104224 0.79326
0.097014 0.822885
0.092508 0.823716
0.086988 0.835291
0.064877 0.82661
0.049684 0.823022
0.04366 0.800814
0.020011 0.795977
0.002025 0.773474
0.040083 0.769055
0.032311 0.72433
0.022718 0.707337
0.02738 0.697081
0.060665 0.71296
0.039048 0.699269
0.030077 0.694255
0.012199 0.695132
0.004208 0.664672
0.017472 0.623054
0.06824 0.634516
0.047317 0.627845
0.086494 0.587378
0.078601 0.58688
0.073358 0.589999
0.040347 0.593023
0.024288 0.5611
0.043135 0.561608
0.057376 0.533115
0.045781 0.525919
0.042908 0.533422
0.030693 0.531296
0.047056 0.493395
0.064169 0.488845
0.062803 0.509792
0.088192 0.526956
0.086089 0.51041
0.095082 0.529188
0.098573 0.525786
0.123198 0.543752
0.152148 0.540004
0.139754 0.496308
0.158894 0.511315
0.126837 0.452132
0.127442 0.466619
0.119963 0.479513
0.105062 0.487172
0.08123 0.491313
0.061345 0.46505
0.056953 0.448255
0.020651 0.450285
0.009893 0.44911
0.030974 0.419055
0.03472 0.413782
0.061045 0.388645
0.070005 0.422343
0.09798 0.428426
0.095107 0.443543
0.116215 0.449204
0.111178 0.443612
0.205547 0.452449
0.16156 0.439594
0.150199 0.421912
0.13307 0.35193
0.123493 0.350742
0.129963 0.331328
0.105555 0.334537
0.104816 0.352302
0.077253 0.349056
0.097025 0.372625
0.096707 0.379199
0.076333 0.394265
0.058041 0.381189
0.048847 0.39005
0.014739 0.396776
0.006758 0.396546
0.00526 0.356165
0.024624 0.316641
0.047004 0.32447
0.06484 0.346385
0.053867 0.318427
0.046922 0.275347
0.038397 0.263983
0.029977 0.251331
0.071749 0.259521
0.076856 0.24924
0.082492 0.223537
0.101587 0.294391
0.177313 0.352813
0.178523 0.348631
0.172204 0.33337
0.171988 0.31434
0.203356 0.394419
0.191524 0.361608
0.195009 0.323875
0.199835 0.299524
0.219382 0.302018
0.231024 0.327832
0.24182 0.324173
0.243705 0.270471
0.261788 0.256524
0.249758 0.254557
0.281835 0.220963
0.231174 0.195036
0.235055 0.132746
0.22426 0.136727
0.229013 0.14872
0.200749 0.15467
0.222687 0.172697
0.181294 0.195442
0.177942 0.198763
0.170464 0.212647
0.20031 0.208251
0.216776 0.215547
0.213424 0.245531
0.208905 0.261378
0.196602 0.263549
0.194903 0.282204
0.18041 0.297647
0.161208 0.290327
0.14766 0.290057
0.115219 0.272465
0.120431 0.256181
0.130761 0.235351
0.150801 0.23174
0.136385 0.229433
0.11545 0.214705
0.076508 0.187309
0.099189 0.175913
0.056733 0.183111
0.065047 0.20268
0.066431 0.236929
0.055715 0.24414
0.036931 0.246517
0.001613 0.211057
0.013322 0.172344
0.000123 0.167164
