0 3.5 1.5 6
0 3.5 1.5 4
1.5 3.5 1.5 4
1.5 3.5 2.5 4
1.5 3.5 2.5 3
1.5 3 2.5 3
1.5 3 4 2
0 3 4 2
0 3 1.5 2
0 0 1.5 2
0 0 1.5 1.5
1.5 1.5 5 0
4.5 1.5 5 0
4.5 1.5 5 1.5
4.5 2.5 5 1.5
4.5 2.5 5.5 1.5
4.5 2.5 6.5 1.5
5.5 2.5 6.5 1.5
5.5 2.5 6.5 3
5.5 2.5 6.5 4
5.5 4.5 6.5 4
5.5 4.5 6.5 5.5
5.5 4.5 5 5.5
4.5 4.5 5 5.5
4.5 4.5 5 6
4.5 7 5 6
4.5 7 7 6
7.5 7 7 6
7.5 5.5 7 6
7.5 5.5 7 4.5
7.5 5.5 8 4.5
8 5.5 8 4.5
8 5.5 9 6
8 7 9 6
8 7 12 6
13 7 12 6
13 7 12 5.5
13 4.5 12 5.5
13 4.5 10.5 5.5
11.5 4.5 10.5 5.5
11.5 4.5 10.5 2.5
11.5 3 10.5 2.5
12 3 10.5 2.5
13 2 10.5 2.5
13 2 9.5 2.5
10 2 9.5 2.5
10 2 9.5 1.5
10 1.5 9.5 1.5
10 1.5 13 0
