80
37 35 36
34 35 37
39 34 37
38 39 37
34 39 40
40 41 33
34 40 33
42 43 44
44 45 32
32 33 41
44 32 41
42 44 41
32 45 46
46 47 31
32 46 31
48 49 29
48 29 30
30 31 47
48 30 47
28 29 49
50 28 49
50 51 21
28 50 21
28 21 27
20 21 51
20 51 19
22 23 27
22 27 21
24 25 26
26 27 23
24 26 23
52 53 19
52 19 51
54 55 17
54 17 18
18 19 53
54 18 53
16 17 55
16 55 15
8 9 15
56 8 15
56 15 55
14 15 9
14 9 13
56 57 7
8 56 7
3 7 57
2 3 57
58 2 57
7 3 5
6 7 5
58 59 1
2 58 1
0 1 59
0 59 60
60 61 81
0 60 81
80 81 61
67 80 61
66 67 61
62 66 61
67 79 80
62 63 65
66 62 65
63 64 65
68 69 79
68 79 67
78 79 69
78 69 70
70 71 77
78 70 77
76 77 71
76 71 72
72 73 75
76 72 75
73 74 75
3 4 5
10 11 13
10 13 9
11 12 13
