600
0.106988 0.637455
0.168849 0.447916
0.082375 0.204627
0.398688 0.423743
0.471697 0.145025
0.335708 0.960149
0.154257 0.706324
0.898792 0.397464
0.112932 0.260979
0.619557 0.865139
0.548789 0.932462
0.037020 0.963286
0.633573 0.025998
0.096058 0.203533
0.449779 0.510894
0.054082 0.704490
0.455747 0.585730
0.929742 0.603318
0.492336 0.559291
0.059758 0.547071
0.771951 0.645650
0.611636 0.261477
0.309088 0.390397
0.305589 0.443793
0.783508 0.068510
0.155371 0.940436
0.268324 0.309635
0.322391 0.783501
0.461860 0.597406
0.719250 0.668446
0.965797 0.338093
0.647257 0.276287
0.026129 0.249775
0.739132 0.138029
0.423056 0.748754
0.590585 0.037390
0.237951 0.147547
0.910077 0.825489
0.322296 0.676117
0.347293 0.786715
0.791345 0.131455
0.957923 0.978824
0.450763 0.760046
0.897006 0.424261
0.401557 0.911427
0.220705 0.149150
0.367218 0.114387
0.166879 0.665798
0.385097 0.326629
0.247392 0.332250
0.168772 0.179675
0.337898 0.012762
0.136403 0.052076
0.897585 0.657581
0.997228 0.259286
0.968902 0.526268
0.659612 0.203188
0.523912 0.907271
0.791073 0.580711
0.505684 0.411683
0.966264 0.092127
0.637504 0.175805
0.148252 0.988468
0.429382 0.398528
0.204269 0.244878
0.316370 0.473087
0.724290 0.522385
0.657190 0.362830
0.503643 0.207884
0.983866 0.474198
0.836331 0.392157
0.337700 0.886189
0.968697 0.298906
0.099544 0.041037
0.972436 0.233403
0.909552 0.265966
0.638319 0.908087
0.296581 0.554175
0.803545 0.585185
0.116697 0.222786
0.751763 0.676610
0.222313 0.588146
0.602383 0.371981
0.530290 0.582650
0.385293 0.401101
0.224744 0.120001
0.401815 0.830585
0.132942 0.039943
0.551667 0.147390
0.952705 0.505933
0.620442 0.600389
0.779951 0.909937
0.618573 0.311708
0.644238 0.963158
0.995818 0.867204
0.895996 0.227629
0.256345 0.557425
0.961088 0.371257
0.738957 0.763157
0.387378 0.544742
0.520985 0.524586
0.207855 0.055178
0.016879 0.087141
0.194990 0.157835
0.937376 0.824626
0.686624 0.430511
0.217625 0.122344
0.250738 0.181544
0.211367 0.058395
0.824640 0.975936
0.455890 0.301712
0.484151 0.770039
0.129920 0.180788
0.197486 0.010404
0.264798 0.614138
0.713809 0.310432
0.099493 0.443935
0.479215 0.944510
0.384976 0.723922
0.682083 0.814415
0.101555 0.808834
0.012698 0.424245
0.164970 0.020808
0.244561 0.885037
0.100237 0.124565
0.129253 0.177994
0.638982 0.092063
0.526271 0.350026
0.299584 0.190576
0.578541 0.524388
0.921259 0.150225
0.578688 0.874167
0.624546 0.162450
0.560012 0.789369
0.069266 0.218123
0.877159 0.783076
0.406143 0.798197
0.139454 0.107612
0.942041 0.878729
0.196157 0.876701
0.552835 0.475091
0.312058 0.090893
0.876148 0.254986
0.867010 0.665852
0.110766 0.087328
0.329564 0.689633
0.581418 0.933620
0.142108 0.986941
0.940062 0.659385
0.030648 0.639509
0.460887 0.838970
0.235049 0.991608
0.002920 0.551804
0.307387 0.251022
0.250573 0.560064
0.760916 0.872205
0.751935 0.399823
0.515890 0.849215
0.457719 0.210301
0.656360 0.577450
0.717992 0.660134
0.924574 0.447023
0.864932 0.412331
0.610673 0.229865
0.088573 0.442285
0.461820 0.630147
0.769819 0.888431
0.905102 0.882972
0.574921 0.830161
0.250252 0.505736
0.761602 0.481009
0.586787 0.725071
0.012254 0.893747
0.058499 0.787846
0.812773 0.707285
0.742680 0.766630
0.423334 0.863959
0.840108 0.573701
0.565471 0.283778
0.596060 0.676315
0.910058 0.293069
0.553158 0.316656
0.953713 0.726037
0.780237 0.434601
0.392126 0.188335
0.693395 0.195422
0.076013 0.702316
0.014879 0.622390
0.894647 0.208745
0.292833 0.921445
0.925027 0.891267
0.406865 0.099560
0.729388 0.387310
0.062034 0.694330
0.574002 0.100003
0.231274 0.067973
0.211436 0.720485
0.241114 0.666094
0.906436 0.499198
0.940211 0.838267
0.255597 0.080619
0.116332 0.760436
0.066826 0.567786
0.052689 0.312383
0.385435 0.165476
0.083995 0.946297
0.614417 0.427294
0.050225 0.693263
0.248580 0.803047
0.430878 0.342425
0.645120 0.972302
0.429103 0.251659
0.215229 0.226590
0.307235 0.591153
0.248939 0.593882
0.325714 0.256048
0.365439 0.614836
0.255454 0.319193
0.634741 0.590960
0.276214 0.031028
0.741591 0.155910
0.879121 0.355870
0.991345 0.849812
0.254778 0.458776
0.105263 0.735827
0.340207 0.840223
0.548851 0.083230
0.314076 0.409594
0.192588 0.065833
0.397545 0.408935
0.739241 0.579525
0.537175 0.453983
0.795977 0.455050
0.310544 0.504959
0.213052 0.453359
0.224777 0.875690
0.890818 0.577507
0.409024 0.018510
0.821628 0.031495
0.152249 0.364497
0.614304 0.688935
0.686218 0.982271
0.878173 0.989693
0.704675 0.119600
0.116436 0.922906
0.486931 0.887163
0.288332 0.054253
0.141343 0.596148
0.444048 0.224778
0.556605 0.159458
0.649022 0.487475
0.010886 0.959839
0.207848 0.018622
0.229770 0.182767
0.773330 0.661130
0.681934 0.980186
0.529476 0.585122
0.884709 0.903659
0.836973 0.283896
0.104186 0.660104
0.022483 0.412341
0.959908 0.193859
0.681425 0.148876
0.851652 0.575017
0.710181 0.302782
0.170064 0.785948
0.819630 0.525416
0.348038 0.665723
0.965301 0.877504
0.355230 0.943793
0.469833 0.498146
0.056829 0.875634
0.945586 0.017342
0.288192 0.567329
0.182823 0.848544
0.493103 0.163963
0.220278 0.285146
0.285509 0.974026
0.909344 0.994650
0.845277 0.971106
0.163797 0.502491
0.807774 0.746843
0.966164 0.529207
0.731063 0.861158
0.627880 0.718115
0.084077 0.208037
0.168718 0.412398
0.410627 0.238091
0.735970 0.568715
0.141842 0.076756
0.213543 0.273477
0.176243 0.406820
0.811725 0.020139
0.497061 0.703022
0.799208 0.872251
0.116380 0.424221
0.561777 0.602297
0.233530 0.179630
0.241113 0.710855
0.732842 0.909135
0.087409 0.280057
0.872323 0.257311
0.569898 0.494731
0.716986 0.322850
0.279259 0.712060
0.710792 0.774939
0.529215 0.920446
0.533476 0.276140
0.079642 0.444533
0.468569 0.183631
0.797661 0.501474
0.311988 0.226135
0.885434 0.403919
0.382853 0.570401
0.462252 0.767106
0.514599 0.759514
0.981818 0.308436
0.480049 0.758067
0.800922 0.904118
0.576611 0.567835
0.381237 0.439065
0.058780 0.086376
0.538782 0.783901
0.881304 0.867792
0.380170 0.927980
0.613028 0.142225
0.857040 0.862962
0.092331 0.649856
0.919124 0.297940
0.049196 0.122953
0.930822 0.850080
0.888568 0.800042
0.067163 0.230079
0.924839 0.189080
0.335746 0.135868
0.952984 0.148766
0.184797 0.639876
0.957668 0.176059
0.361779 0.967128
0.509249 0.674179
0.452877 0.048046
0.382109 0.671106
0.779542 0.926314
0.475286 0.265138
0.933495 0.479269
0.689547 0.119573
0.794351 0.261337
0.130867 0.071217
0.098312 0.671751
0.466538 0.360611
0.346057 0.447885
0.094349 0.968063
0.475339 0.334652
0.048674 0.038854
0.109107 0.566956
0.236533 0.234545
0.433601 0.690271
0.888008 0.536227
0.600175 0.195457
0.475060 0.849676
0.370136 0.525775
0.115129 0.324464
0.790800 0.903037
0.797824 0.098808
0.292648 0.537637
0.065055 0.432484
0.193445 0.799342
0.177350 0.991064
0.373756 0.706767
0.461097 0.697273
0.331785 0.865759
0.792392 0.144381
0.174349 0.698381
0.348658 0.178278
0.037464 0.718398
0.730102 0.484110
0.131488 0.036351
0.090883 0.516021
0.208967 0.614568
0.889310 0.668525
0.286158 0.241732
0.281004 0.170124
0.576596 0.474107
0.902575 0.565516
0.035378 0.253294
0.299155 0.057398
0.492668 0.933850
0.533716 0.550635
0.288266 0.315988
0.811013 0.561680
0.191471 0.291859
0.810728 0.669108
0.792472 0.696860
0.121859 0.381629
0.888739 0.503209
0.836100 0.310041
0.548760 0.277999
0.729889 0.630860
0.228216 0.747596
0.626631 0.763232
0.238876 0.717254
0.091429 0.811077
0.811731 0.201896
0.158325 0.983165
0.777046 0.660753
0.555131 0.239631
0.451409 0.924975
0.289817 0.527574
0.872140 0.641770
0.800647 0.381605
0.837032 0.261916
0.368640 0.223984
0.839295 0.169587
0.492972 0.489737
0.651632 0.489876
0.409001 0.694582
0.741408 0.594870
0.589796 0.544323
0.520072 0.852588
0.865953 0.411385
0.929873 0.731789
0.764696 0.739804
0.025442 0.914447
0.837270 0.891084
0.845925 0.653313
0.628795 0.862304
0.320502 0.986996
0.587151 0.204903
0.631686 0.142607
0.701474 0.882653
0.293541 0.799081
0.341272 0.452540
0.814715 0.363307
0.435444 0.299632
0.057864 0.792383
0.226884 0.327990
0.313905 0.854258
0.525078 0.625506
0.308444 0.797018
0.712065 0.168102
0.553961 0.470003
0.350145 0.902584
0.346989 0.740575
0.327753 0.708310
0.099826 0.946213
0.817867 0.864950
0.896716 0.590063
0.494067 0.507392
0.204221 0.452295
0.712833 0.126567
0.179776 0.601271
0.879731 0.261394
0.994569 0.265522
0.817605 0.135997
0.953441 0.389426
0.827345 0.583378
0.064759 0.614809
0.447044 0.916896
0.840687 0.316716
0.666225 0.962749
0.220721 0.161548
0.283130 0.571363
0.422790 0.875377
0.945307 0.742493
0.056925 0.157786
0.453889 0.948166
0.743637 0.649587
0.444492 0.168519
0.858425 0.114917
0.495286 0.033515
0.404411 0.743520
0.630651 0.260473
0.727752 0.097206
0.452220 0.993856
0.747388 0.208710
0.653022 0.745893
0.900732 0.781476
0.640694 0.102275
0.932976 0.120836
0.253712 0.975559
0.327027 0.039207
0.745053 0.278644
0.609504 0.341401
0.161862 0.606262
0.514863 0.486580
0.237835 0.729024
0.956919 0.256948
0.495849 0.625842
0.337896 0.751742
0.884630 0.854475
0.422061 0.957737
0.301189 0.046848
0.645259 0.090848
0.727134 0.085534
0.630019 0.001511
0.055056 0.127941
0.529211 0.683760
0.493275 0.967072
0.320038 0.568871
0.138268 0.328533
0.529207 0.172071
0.186538 0.508847
0.578113 0.311206
0.838795 0.787144
0.043700 0.358598
0.786455 0.828774
0.029898 0.404148
0.828903 0.950155
0.871416 0.613995
0.097268 0.714779
0.140520 0.407933
0.179997 0.598281
0.363313 0.268282
0.644265 0.363429
0.347856 0.464480
0.291034 0.538821
0.106470 0.908694
0.379764 0.703239
0.850377 0.140698
0.844882 0.863484
0.152119 0.841161
0.530811 0.346471
0.311120 0.163128
0.810639 0.793956
0.488442 0.681437
0.233221 0.936299
0.965672 0.578693
0.535451 0.630352
0.787298 0.523456
0.297588 0.086954
0.021912 0.046616
0.693107 0.203018
0.946374 0.309008
0.779486 0.697003
0.840383 0.420272
0.263327 0.129011
0.929847 0.392465
0.298348 0.704011
0.186117 0.766425
0.975296 0.782770
0.986344 0.589650
0.945465 0.771691
0.029900 0.212851
0.850877 0.202053
0.045467 0.131165
0.737021 0.387809
0.123888 0.237457
0.452636 0.614974
0.937723 0.403159
0.296503 0.939913
0.397990 0.909362
0.082111 0.012879
0.613071 0.724639
0.990012 0.716728
0.650676 0.274573
0.307925 0.801187
0.266396 0.348181
0.002600 0.527776
0.135210 0.510429
0.957335 0.153229
0.061160 0.436876
0.189240 0.697115
0.961380 0.321252
0.290745 0.905488
0.508753 0.198870
0.859001 0.610214
0.429969 0.492427
0.790498 0.753670
0.314375 0.891854
0.178585 0.477694
0.579078 0.593245
0.551968 0.994851
0.650404 0.669316
0.779966 0.072842
0.263459 0.857413
0.675586 0.116709
0.504181 0.220487
0.437582 0.193544
0.119183 0.142491
0.006017 0.286776
0.032911 0.314678
0.404450 0.719574
0.003918 0.454962
0.817176 0.762146
0.424802 0.034688
0.909158 0.689486
0.910706 0.442661
0.661503 0.484534
0.631057 0.795848
0.201070 0.441427
0.630967 0.802120
0.397980 0.961265
0.926505 0.783222
0.800944 0.474596
0.215614 0.343785
0.785372 0.072375
0.792532 0.855598
0.546897 0.436267
0.828501 0.895607
0.412534 0.500997
