150
0.047846 0.911055
0.460029 0.951516
0.654951 0.233067
0.154485 0.612166
0.791398 0.356648
0.702091 0.377874
0.331752 0.174316
0.368916 0.518064
0.186968 0.725184
0.161854 0.245236
0.656689 0.187716
0.985230 0.939635
0.490702 0.069578
0.289233 0.068864
0.251778 0.552187
0.115971 0.980974
0.857442 0.451887
0.056481 0.947576
0.212001 0.341899
0.003967 0.672543
0.843845 0.592253
0.116198 0.234664
0.075121 0.258734
0.283640 0.217878
0.491335 0.793265
0.153102 0.867384
0.682316 0.361498
0.516065 0.621451
0.951013 0.532899
0.839580 0.492766
0.297761 0.840944
0.802866 0.286501
0.226836 0.911800
0.757331 0.680650
0.696916 0.340473
0.973425 0.274147
0.509595 0.669519
0.009686 0.547559
0.449854 0.512713
0.410507 0.198988
0.674029 0.625487
0.921775 0.022701
0.746506 0.383503
0.358421 0.327568
0.902799 0.039926
0.145066 0.425052
0.520957 0.745144
0.921486 0.033737
0.300502 0.544488
0.219100 0.036961
0.365282 0.388489
0.251856 0.513286
0.178917 0.408018
0.703607 0.389474
0.361732 0.549917
0.301842 0.391849
0.892483 0.539289
0.016331 0.220486
0.412714 0.006214
0.584633 0.058167
0.835249 0.285976
0.231635 0.306793
0.183861 0.520228
0.594465 0.446144
0.851006 0.915186
0.845506 0.961704
0.939647 0.105162
0.301474 0.993107
0.278941 0.880482
0.042826 0.706580
0.570762 0.821521
0.770244 0.772648
0.348263 0.139837
0.774926 0.408417
0.998284 0.771095
0.394241 0.437977
0.515663 0.690088
0.308511 0.704509
0.069060 0.865908
0.210190 0.997551
0.873653 0.757072
0.225764 0.731335
0.245604 0.685196
0.843183 0.467658
0.630940 0.396722
0.493323 0.296646
0.780279 0.546700
0.022695 0.068899
0.495563 0.265681
0.945010 0.639379
0.829387 0.724687
0.860220 0.688349
0.964467 0.835409
0.383632 0.355652
0.236395 0.823180
0.909861 0.117771
0.213276 0.937369
0.566014 0.469267
0.058292 0.451472
0.513091 0.760663
0.135057 0.834114
0.191830 0.723390
0.193283 0.315446
0.956861 0.214718
0.260711 0.181892
0.491888 0.733900
0.484619 0.344067
0.709560 0.934158
0.386141 0.123010
0.833385 0.474305
0.014096 0.205758
0.894454 0.238692
0.551787 0.432712
0.841599 0.737844
0.420323 0.462126
0.200920 0.191459
0.299849 0.405163
0.050082 0.787736
0.411149 0.728603
0.602613 0.945693
0.359473 0.416023
0.884501 0.669384
0.287801 0.651433
0.467647 0.032970
0.625529 0.756777
0.148520 0.048677
0.593483 0.412058
0.839158 0.524177
0.407531 0.711486
0.829786 0.356783
0.358724 0.570816
0.568160 0.795712
0.928304 0.583353
0.268481 0.762740
0.325901 0.684701
0.159999 0.550803
0.547048 0.212364
0.178524 0.478921
0.473156 0.274761
0.087248 0.582592
0.024468 0.071897
0.128559 0.625066
0.424450 0.196251
0.979838 0.937978
0.105394 0.676614
0.773226 0.791790
0.691578 0.216535
0.665469 0.685319
0.931365 0.300353
0.632665 0.472075
