50
0.779728 0.281841
0.868177 0.922263
0.958491 0.490222
0.608521 0.402098
0.538011 0.942724
0.542718 0.445963
0.740670 0.755747
0.507925 0.606285
0.347573 0.771589
0.172607 0.808051
0.856414 0.632616
0.899864 0.434435
0.526095 0.004296
0.525531 0.050139
0.186345 0.251285
0.458098 0.140772
0.131288 0.751193
0.631217 0.830322
0.994398 0.470266
0.460217 0.616054
0.222142 0.045413
0.040494 0.553470
0.164536 0.124618
0.735457 0.101586
0.176041 0.858871
0.586891 0.831839
0.718432 0.954786
0.845045 0.034902
0.997438 0.666742
0.498009 0.672634
0.188157 0.527524
0.554727 0.786401
0.720932 0.985392
0.400371 0.310706
0.330551 0.871952
0.823639 0.738153
0.592050 0.810044
0.549088 0.287774
0.179026 0.743341
0.926398 0.575365
0.405348 0.991468
0.711637 0.528440
0.676090 0.122084
0.743793 0.786320
0.287411 0.234583
0.772805 0.560149
0.998990 0.832861
0.797002 0.953498
0.965439 0.865894
0.974087 0.429665
