1000
0.073358 0.589999
0.265542 0.780258
0.104224 0.793260
0.235055 0.132746
0.172204 0.333370
0.926770 0.483294
0.139754 0.496308
0.906087 0.675572
0.199835 0.299524
0.819207 0.764663
0.769627 0.570973
0.300754 0.930503
0.717398 0.330162
0.012199 0.695132
0.097014 0.822885
0.411991 0.185142
0.874010 0.759426
0.007750 0.149240
0.610625 0.120935
0.729486 0.855745
0.311313 0.409440
0.350458 0.618028
0.440755 0.456331
0.728393 0.664931
0.442574 0.907872
0.953962 0.675693
0.340826 0.396157
0.181736 0.971465
0.755096 0.376093
0.742593 0.313755
0.418740 0.769965
0.833566 0.399736
0.825998 0.537750
0.307283 0.230555
0.608593 0.056880
0.024624 0.316641
0.637780 0.203482
0.100459 0.742221
0.076333 0.394265
0.481553 0.451708
0.965910 0.045317
0.721808 0.265728
0.526876 0.343352
0.951319 0.071601
0.020215 0.031239
0.235737 0.888765
0.916233 0.625820
0.308232 0.806379
0.361860 0.488504
0.229013 0.148720
0.086028 0.900190
0.267269 0.390661
0.523835 0.483207
0.076856 0.249240
0.149010 0.165562
0.169700 0.940728
0.202690 0.018336
0.688856 0.514086
0.071749 0.259521
0.047770 0.149426
0.200310 0.208251
0.244382 0.978761
0.738692 0.928938
0.319929 0.497671
0.361414 0.953711
0.741996 0.630497
0.483014 0.572162
0.513260 0.283498
0.609416 0.355695
0.692602 0.937938
0.167396 0.776144
0.639633 0.447114
0.138781 0.048443
0.567782 0.621616
0.358441 0.015423
0.907775 0.131296
0.661263 0.135557
0.559166 0.390228
0.036931 0.246517
0.458753 0.563542
0.691096 0.145918
0.040347 0.593023
0.590130 0.691103
0.713124 0.006883
0.185499 0.842159
0.874423 0.355790
0.719760 0.423477
0.480513 0.461624
0.432983 0.870994
0.398682 0.313606
0.749385 0.042159
0.740729 0.638582
0.831257 0.539357
0.735596 0.413598
0.078601 0.586880
0.837558 0.929017
0.757124 0.610945
0.849161 0.009583
0.095107 0.443543
0.444482 0.510570
0.608579 0.363263
0.911186 0.454919
0.568080 0.653722
0.620743 0.904381
0.568791 0.439063
0.521033 0.598972
0.531322 0.577481
0.158094 0.091179
0.242710 0.831085
0.235529 0.502117
0.386754 0.304179
0.874069 0.333212
0.291021 0.693421
0.456075 0.651032
0.701613 0.269225
0.206586 0.950508
0.030077 0.694255
0.737657 0.086223
0.644712 0.890488
0.956598 0.478417
0.278909 0.668946
0.165093 0.804475
0.959290 0.052872
0.990908 0.541489
0.306177 0.440321
0.248609 0.020897
0.055715 0.244140
0.489655 0.493657
0.191524 0.361608
0.447668 0.469041
0.340825 0.549859
0.353466 0.208897
0.082492 0.223537
0.913287 0.903511
0.656368 0.855755
0.880166 0.411754
0.738762 0.217266
0.213424 0.245531
0.692065 0.030759
0.753230 0.933695
0.581373 0.946393
0.326452 0.791283
0.947782 0.277352
0.804464 0.708518
0.849809 0.147876
0.777642 0.742208
0.666048 0.547255
0.048847 0.390050
0.258710 0.967910
0.414305 0.629559
0.567349 0.814849
0.317568 0.947929
0.019994 0.027162
0.704091 0.610703
0.906304 0.454359
0.177942 0.198763
0.542683 0.921638
0.740847 0.294575
0.667525 0.164567
0.666908 0.013688
0.585018 0.235811
0.792290 0.992487
0.701497 0.616699
0.393033 0.881593
0.855178 0.341830
0.925345 0.864048
0.466627 0.654405
0.839172 0.565059
0.866436 0.991319
0.504519 0.629613
0.649388 0.886948
0.104816 0.352302
0.971829 0.008501
0.123493 0.350742
0.686751 0.912923
0.677758 0.647149
0.166280 0.756270
0.661490 0.549253
0.209447 0.713317
0.589807 0.736878
0.652183 0.484497
0.601912 0.648528
0.763911 0.590134
0.865813 0.776156
0.900679 0.789473
0.841967 0.951919
0.168767 0.994411
0.399611 0.893660
0.459781 0.820432
0.442763 0.706252
0.489963 0.654542
0.219382 0.302018
0.909578 0.431494
0.056953 0.448255
0.051993 0.041543
0.962304 0.300342
0.839334 0.024300
0.607136 0.177969
0.632174 0.711794
0.349797 0.474324
0.088192 0.526956
0.486137 0.453870
0.998110 0.492335
0.739514 0.557366
0.806357 0.832652
0.056733 0.183111
0.404304 0.295321
0.789884 0.644822
0.779309 0.361931
0.218520 0.506177
0.809625 0.178021
0.901615 0.629952
0.034720 0.413782
0.047004 0.324470
0.200749 0.154670
0.833781 0.287940
0.284392 0.716652
0.125199 0.069271
0.374556 0.499382
0.043660 0.800814
0.666111 0.743435
0.249758 0.254557
0.315407 0.772176
0.065047 0.202680
0.327380 0.710632
0.828669 0.246787
0.724782 0.959049
0.779366 0.731180
0.697259 0.469827
0.532566 0.325443
0.757035 0.381477
0.000434 0.823189
0.752686 0.987553
0.352007 0.853403
0.885372 0.619345
0.277425 0.712120
0.615976 0.044778
0.842583 0.775975
0.517431 0.040536
0.097980 0.428426
0.880036 0.170715
0.587769 0.682053
0.478817 0.483315
0.292162 0.423065
0.931737 0.560845
0.775609 0.907410
0.761675 0.367917
0.197579 0.976542
0.315378 0.360010
0.974549 0.573171
0.819329 0.546421
0.654789 0.688292
0.429929 0.559490
0.178758 0.813335
0.352653 0.855031
0.076085 0.123365
0.866329 0.554330
0.658755 0.483551
0.723528 0.731770
0.180410 0.297647
0.609970 0.416714
0.533069 0.246355
0.115450 0.214705
0.831597 0.970322
0.014739 0.396776
0.552370 0.151004
0.519808 0.893328
0.450825 0.056760
0.589802 0.531036
0.434939 0.386783
0.061004 0.949946
0.207749 0.674511
0.937431 0.326907
0.767090 0.538716
0.789819 0.465868
0.292114 0.922427
0.174829 0.672900
0.757675 0.507559
0.361349 0.436052
0.047317 0.627845
0.896899 0.105431
0.150331 0.903231
0.375970 0.328681
0.547888 0.735152
0.954369 0.302068
0.811451 0.509598
0.472423 0.681642
0.307828 0.744737
0.739927 0.218302
0.301833 0.824745
0.322381 0.390337
0.064169 0.488845
0.742414 0.451781
0.339389 0.772905
0.059417 0.847487
0.784619 0.123775
0.811631 0.698770
0.077253 0.349056
0.333490 0.610988
0.129963 0.331328
0.235164 0.577629
0.728270 0.394728
0.460587 0.612598
0.853640 0.187373
0.702976 0.324699
0.241407 0.856022
0.020651 0.450285
0.539859 0.656346
0.332352 0.831525
0.086494 0.587378
0.765209 0.309360
0.666517 0.887983
0.634206 0.749166
0.017472 0.623054
0.125155 0.030599
0.213927 0.796868
0.385724 0.508590
0.550278 0.992173
0.391096 0.193102
0.865121 0.110977
0.906547 0.794714
0.886046 0.340567
0.732577 0.764593
0.276034 0.696980
0.489549 0.785178
0.874222 0.870635
0.481613 0.674267
0.698433 0.527499
0.715686 0.097274
0.174054 0.595229
0.709956 0.195781
0.649366 0.244263
0.404056 0.999681
0.984576 0.439610
0.165653 0.103151
0.789771 0.735246
0.794942 0.247639
0.725680 0.608865
0.460269 0.714606
0.143667 0.640944
0.943251 0.267965
0.179756 0.063131
0.729510 0.441125
0.032042 0.885292
0.168313 0.605993
0.568594 0.482568
0.036028 0.009819
0.137867 0.760713
0.705313 0.848130
0.847864 0.049776
0.221733 0.600438
0.382137 0.969149
0.024288 0.561100
0.954420 0.152976
0.536444 0.146524
0.136385 0.229433
0.896608 0.429504
0.757890 0.044893
0.292107 0.869607
0.369836 0.556855
0.221610 0.897634
0.978625 0.971356
0.610832 0.365625
0.835480 0.429916
0.858837 0.744990
0.213106 0.762868
0.509045 0.604350
0.266707 0.097480
0.739008 0.801659
0.283124 0.329561
0.096707 0.379199
0.688034 0.955514
0.006301 0.976041
0.786338 0.095550
0.609853 0.185882
0.250899 0.818751
0.038397 0.263983
0.233397 0.704097
0.227691 0.583936
0.632055 0.747781
0.568748 0.333378
0.349387 0.144687
0.899261 0.387629
0.933667 0.011638
0.506868 0.441487
0.362397 0.923608
0.459821 0.427634
0.086988 0.835291
0.483468 0.168642
0.058041 0.381189
0.565607 0.060538
0.161560 0.439594
0.998353 0.507874
0.269479 0.548832
0.829364 0.394613
0.408906 0.502065
0.100071 0.124578
0.870415 0.741552
0.532958 0.283716
0.613123 0.334845
0.933625 0.783958
0.568178 0.457122
0.812537 0.460158
0.281333 0.998867
0.788059 0.167554
0.568060 0.487511
0.267774 0.806939
0.194957 0.696445
0.882874 0.335506
0.419077 0.090192
0.822640 0.104620
0.242042 0.953889
0.567697 0.675978
0.528835 0.091962
0.972943 0.663173
0.961914 0.591064
0.004208 0.664672
0.610623 0.774703
0.105555 0.334537
0.324468 0.158775
0.412869 0.282283
0.222687 0.172697
0.756332 0.610676
0.272771 0.676519
0.060665 0.712960
0.333026 0.716868
0.839266 0.671822
0.656690 0.754937
0.917836 0.498648
0.504611 0.916341
0.354859 0.352609
0.407323 0.795037
0.776774 0.052743
0.255729 0.620349
0.714543 0.024533
0.311855 0.044043
0.067453 0.145981
0.583064 0.098981
0.760370 0.672357
0.805099 0.490211
0.142108 0.869656
0.945106 0.450052
0.214699 0.958742
0.728294 0.465287
0.195009 0.323875
0.912974 0.748905
0.076508 0.187309
0.586709 0.030332
0.235611 0.954683
0.359871 0.967977
0.379765 0.671499
0.113949 0.145421
0.240188 0.604964
0.085880 0.062257
0.615948 0.230200
0.116215 0.449204
0.638991 0.118970
0.458981 0.333328
0.313909 0.674174
0.463052 0.353281
0.955526 0.690212
0.127988 0.967390
0.995033 0.757777
0.994229 0.168475
0.002025 0.773474
0.009297 0.124280
0.810427 0.537376
0.762163 0.629627
0.382577 0.432140
0.465850 0.927868
0.344482 0.118314
0.489177 0.799546
0.632088 0.064254
0.820346 0.381625
0.750617 0.163401
0.194903 0.282204
0.049684 0.823022
0.472384 0.169662
0.693301 0.336961
0.720058 0.090764
0.507674 0.655862
0.841111 0.652014
0.917511 0.175137
0.678328 0.735208
0.315715 0.544910
0.068240 0.634516
0.332882 0.340060
0.945759 0.599161
0.317609 0.299110
0.132316 0.141554
0.618579 0.341816
0.814536 0.685799
0.664329 0.375981
0.262720 0.940346
0.459836 0.725479
0.793854 0.123015
0.109040 0.842180
0.529514 0.939390
0.819742 0.741685
0.991743 0.252145
0.949833 0.748724
0.563038 0.872466
0.957672 0.259142
0.957403 0.330935
0.809755 0.704731
0.208905 0.261378
0.056630 0.906686
0.792672 0.450103
0.853371 0.964622
0.888142 0.715667
0.608386 0.710951
0.963243 0.194240
0.732638 0.127310
0.012795 0.139285
0.372206 0.782530
0.555018 0.111706
0.001470 0.870812
0.808349 0.632571
0.434678 0.347572
0.875592 0.102352
0.795657 0.164106
0.880926 0.907225
0.006758 0.396546
0.322776 0.718225
0.808509 0.711617
0.377235 0.200347
0.258455 0.559975
0.171167 0.819851
0.486727 0.998976
0.791280 0.613488
0.167768 0.938203
0.600275 0.517289
0.181294 0.195442
0.480142 0.961148
0.799513 0.148298
0.171988 0.314340
0.983496 0.413700
0.928230 0.936502
0.349821 0.217374
0.571286 0.109660
0.938762 0.354437
0.070005 0.422343
0.432387 0.676066
0.261788 0.256524
0.838503 0.406487
0.927382 0.441997
0.307351 0.968862
0.802627 0.552112
0.549150 0.022676
0.288315 0.100580
0.330965 0.841536
0.514618 0.374618
0.392011 0.024620
0.836823 0.723747
0.120431 0.256181
0.485225 0.287904
0.835398 0.217866
0.507080 0.358162
0.958117 0.114302
0.005260 0.356165
0.039048 0.699269
0.598456 0.471101
0.860208 0.974092
0.396970 0.234312
0.609497 0.154030
0.541124 0.399142
0.445473 0.599832
0.111178 0.443612
0.105062 0.487172
0.816580 0.633307
0.133070 0.351930
0.273424 0.580938
0.926786 0.354878
0.179851 0.709327
0.530854 0.791866
0.288124 0.834218
0.801532 0.865774
0.178523 0.348631
0.464801 0.752330
0.305601 0.337075
0.705784 0.659559
0.506180 0.288292
0.701800 0.553366
0.484270 0.765843
0.224260 0.136727
0.274413 0.442670
0.321944 0.963540
0.385474 0.667657
0.972818 0.000512
0.809432 0.765269
0.677606 0.495648
0.804681 0.133443
0.738233 0.857607
0.651549 0.282068
0.704683 0.676323
0.597314 0.704226
0.507055 0.000356
0.966897 0.426564
0.393533 0.914198
0.126783 0.072495
0.315281 0.051449
0.764964 0.410452
0.205547 0.452449
0.561839 0.583391
0.150801 0.231740
0.750109 0.641640
0.731885 0.132376
0.865828 0.796478
0.358622 0.411122
0.664943 0.612000
0.906120 0.423924
0.433641 0.441033
0.322374 0.303691
0.774739 0.534224
0.691721 0.671289
0.192836 0.845825
0.101587 0.294391
0.592599 0.976735
0.473163 0.042992
0.795134 0.143598
0.513308 0.727098
0.562066 0.588394
0.485967 0.046654
0.824842 0.275163
0.336892 0.386203
0.323497 0.040373
0.101240 0.853563
0.719550 0.505598
0.093380 0.085493
0.022718 0.707337
0.092508 0.823716
0.778610 0.907062
0.495964 0.460232
0.228495 0.793494
0.732645 0.825902
0.024205 0.000586
0.200368 0.771696
0.032311 0.724330
0.306695 0.171377
0.862274 0.157873
0.000123 0.167164
0.644615 0.597786
0.407340 0.766589
0.277073 0.406095
0.369335 0.306615
0.820588 0.857883
0.101549 0.983599
0.440776 0.336275
0.959645 0.473590
0.785302 0.148953
0.602967 0.816114
0.311098 0.470125
0.438180 0.813046
0.535626 0.491596
0.062803 0.509792
0.765469 0.401681
0.534102 0.746356
0.454948 0.258435
0.037179 0.958545
0.884374 0.648512
0.053867 0.318427
0.652987 0.454566
0.726009 0.336590
0.952060 0.456791
0.478932 0.391204
0.682447 0.888178
0.677755 0.460029
0.918216 0.429405
0.264319 0.640318
0.977007 0.821064
0.478488 0.572956
0.691614 0.760638
0.239734 0.056620
0.432901 0.913004
0.579341 0.280510
0.311236 0.504459
0.408826 0.947777
0.925642 0.593161
0.772481 0.217046
0.066431 0.236929
0.896842 0.967395
0.407738 0.508168
0.811263 0.510040
0.150199 0.421912
0.326052 0.182784
0.046922 0.275347
0.710316 0.624557
0.123198 0.543752
0.438144 0.035119
0.841293 0.056274
0.601252 0.022346
0.809271 0.126949
0.703456 0.967843
0.515037 0.671046
0.147340 0.877996
0.650737 0.492654
0.534608 0.200910
0.623134 0.829717
0.064877 0.826610
0.243705 0.270471
0.707323 0.465046
0.345109 0.242325
0.771700 0.928912
0.959944 0.451438
0.409806 0.621875
0.013322 0.172344
0.232812 0.851257
0.921243 0.462950
0.770895 0.388095
0.192747 0.082064
0.746324 0.891162
0.113587 0.656616
0.221856 0.986513
0.020011 0.795977
0.786986 0.650862
0.521952 0.600282
0.288571 0.576415
0.670677 0.513480
0.489245 0.425884
0.738983 0.426346
0.495896 0.416403
0.327407 0.627876
0.346002 0.233468
0.172359 0.815850
0.684973 0.387541
0.030974 0.419055
0.321046 0.506057
0.563908 0.011589
0.693217 0.905752
0.795525 0.750356
0.971612 0.293104
0.543714 0.957579
0.785867 0.592385
0.405058 0.152087
0.218260 0.851675
0.873217 0.264591
0.789643 0.453792
0.329689 0.513045
0.714443 0.839385
0.449446 0.717991
0.708105 0.454167
0.796070 0.148638
0.252624 0.564479
0.036813 0.025884
0.507277 0.578416
0.854979 0.642870
0.542028 0.363137
0.829902 0.255831
0.824578 0.052755
0.325269 0.116694
0.192781 0.950146
0.994956 0.036888
0.115676 0.097888
0.734329 0.431163
0.611244 0.955364
0.591011 0.996395
0.463845 0.695787
0.042908 0.533422
0.029728 0.070244
0.767767 0.495300
0.446778 0.059676
0.377001 0.022765
0.375754 0.811645
0.432140 0.065315
0.546818 0.588687
0.563593 0.000213
0.161208 0.290327
0.570659 0.777031
0.086089 0.510410
0.573669 0.495580
0.715181 0.942386
0.001613 0.211057
0.415698 0.521286
0.992802 0.209667
0.646193 0.047046
0.517678 0.003910
0.920347 0.703902
0.904103 0.710491
0.435505 0.960137
0.141149 0.052122
0.494169 0.359381
0.439521 0.414468
0.415914 0.535772
0.228727 0.967632
0.828788 0.158007
0.382920 0.712060
0.582010 0.959750
0.061345 0.465050
0.441637 0.759310
0.188387 0.937572
0.915907 0.156806
0.608076 0.309068
0.436835 0.628632
0.752004 0.213460
0.576616 0.368460
0.009893 0.449110
0.634211 0.711236
0.127442 0.466619
0.370823 0.712614
0.170464 0.212647
0.231549 0.868639
0.309590 0.679182
0.306450 0.891018
0.836105 0.526028
0.960691 0.268916
0.623432 0.723970
0.831493 0.910701
0.391441 0.326470
0.515207 0.453580
0.737843 0.446911
0.359105 0.860681
0.667418 0.360220
0.574356 0.181388
0.513941 0.306055
0.245038 0.486841
0.866255 0.072504
0.934333 0.699284
0.794489 0.139542
0.177313 0.352813
0.124047 0.867613
0.434888 0.181376
0.334249 0.171607
0.335535 0.441552
0.158894 0.511315
0.252435 0.701204
0.533800 0.231166
0.735529 0.030129
0.454540 0.655444
0.651264 0.362945
0.113558 0.750785
0.098573 0.525786
0.582504 0.447864
0.115219 0.272465
0.959228 0.533119
0.043135 0.561608
0.754445 0.224064
0.467849 0.267993
0.352341 0.738638
0.047056 0.493395
0.216776 0.215547
0.241820 0.324173
0.231174 0.195036
0.097025 0.372625
0.755654 0.173847
0.179013 0.619163
0.545506 0.721243
0.130761 0.235351
0.549280 0.257484
0.057376 0.533115
0.038872 0.884761
0.570734 0.526042
0.126837 0.452132
0.854266 0.288560
0.864958 0.315361
0.735940 0.487444
0.576885 0.922147
0.668022 0.638746
0.934288 0.438369
0.418353 0.553498
0.830334 0.166672
0.888213 0.117861
0.064840 0.346385
0.532874 0.090506
0.761943 0.320994
0.281835 0.220963
0.330060 0.919722
0.734087 0.287764
0.656957 0.367486
0.998880 0.016123
0.554084 0.435883
0.550807 0.293437
0.574069 0.797045
0.695819 0.367998
0.626992 0.666912
0.119963 0.479513
0.944496 0.473741
0.695916 0.874084
0.781706 0.528690
0.658425 0.075792
0.770309 0.551762
0.515897 0.868346
0.099189 0.175913
0.582565 0.630756
0.786040 0.059419
0.934951 0.554309
0.546085 0.409721
0.196602 0.263549
0.887823 0.586062
0.448687 0.580843
0.762256 0.556740
0.231605 0.716131
0.203356 0.394419
0.696055 0.339885
0.486668 0.003929
0.581948 0.344309
0.576217 0.622774
0.395523 0.192814
0.585186 0.984227
0.207823 0.778309
0.406251 0.667833
0.828527 0.498928
0.027380 0.697081
0.831515 0.757785
0.252434 0.650369
0.152148 0.540004
0.780973 0.244353
0.017999 0.069902
0.125454 0.053439
0.339079 0.705938
0.400122 0.097015
0.671248 0.714612
0.759097 0.984998
0.526452 0.306171
0.264717 0.577363
0.637661 0.726685
0.630123 0.066703
0.440652 0.860760
0.345271 0.218836
0.366961 0.806470
0.147660 0.290057
0.493146 0.697398
0.781966 0.770384
0.659140 0.932870
0.615903 0.611408
0.868621 0.921852
0.081230 0.491313
0.045781 0.525919
0.572827 0.265211
0.365448 0.179244
0.996726 0.314756
0.095082 0.529188
0.290984 0.042182
0.980001 0.662747
0.540306 0.208753
0.693218 0.812054
0.001711 0.902909
0.998196 0.367252
0.515655 0.622754
0.330695 0.494009
0.551313 0.038713
0.856171 0.815857
0.061045 0.388645
0.040083 0.769055
0.820922 0.660744
0.733709 0.304056
0.932572 0.932142
0.565018 0.008053
0.516689 0.302993
0.277814 0.084592
0.576135 0.180615
0.888871 0.276974
0.316275 0.667141
0.622482 0.541502
0.248936 0.734246
0.479677 0.849339
0.490770 0.507513
0.236360 0.514440
0.211200 0.512320
0.310315 0.045785
0.231024 0.327832
0.766403 0.200908
0.141972 0.935356
0.314200 0.334600
0.947330 0.667954
0.987741 0.860561
0.649053 0.445022
0.673204 0.244364
0.435356 0.765078
0.182083 0.049988
0.574378 0.157723
0.415099 0.842931
0.601534 0.382941
0.714551 0.901430
0.127085 0.804787
0.228531 0.980364
0.545846 0.685318
0.030693 0.531296
0.773829 0.158028
0.448121 0.056008
0.487902 0.862950
0.722626 0.559385
0.000561 0.904705
0.499877 0.687918
0.689536 0.399076
0.677165 0.901994
0.933945 0.361240
0.954738 0.600019
0.120029 0.944102
0.029977 0.251331
0.497278 0.249827
0.282086 0.890644
0.035596 0.847943
0.410367 0.625172
0.052767 0.051808
0.630720 0.763185
0.431969 0.751105
0.825792 0.806434
0.732757 0.173496
0.625364 0.435729
0.954060 0.010902
