200
0.825601 0.753996
0.590728 0.739481
0.230494 0.102823
0.686745 0.333200
0.409445 0.673284
0.166337 0.764472
0.479345 0.080088
0.367983 0.596911
0.805913 0.020047
0.694817 0.780251
0.588053 0.475641
0.459173 0.662263
0.958266 0.719622
0.132589 0.713995
0.416417 0.798505
0.666046 0.369222
0.566402 0.025286
0.400011 0.211735
0.470298 0.490952
0.145300 0.231179
0.226674 0.941332
0.110230 0.069680
0.355304 0.966679
0.577651 0.646963
0.814200 0.841614
0.744705 0.565322
0.522688 0.464528
0.104371 0.649240
0.832502 0.781960
0.875466 0.786667
0.693577 0.444897
0.692115 0.747079
0.883890 0.264165
0.280828 0.530852
0.665975 0.276709
0.562308 0.197903
0.882849 0.161017
0.575156 0.258834
0.396395 0.487169
0.954841 0.567382
0.069695 0.418563
0.178107 0.509545
0.041080 0.647096
0.967786 0.636722
0.176292 0.503921
0.292944 0.507032
0.021912 0.959293
0.655776 0.147064
0.053995 0.614881
0.901546 0.138473
0.213162 0.549529
0.611718 0.127928
0.117395 0.561642
0.583614 0.629622
0.835215 0.820684
0.288596 0.459131
0.775056 0.262021
0.021463 0.767744
0.188851 0.256832
0.422334 0.839965
0.182581 0.226789
0.362137 0.970899
0.375706 0.692544
0.921477 0.063421
0.378245 0.601489
0.643592 0.319721
0.671185 0.501019
0.606045 0.465057
0.360364 0.918040
0.650382 0.280425
0.551128 0.002708
0.012934 0.808292
0.945629 0.186304
0.913923 0.207903
0.615847 0.595375
0.117772 0.580971
0.329021 0.825857
0.374368 0.050280
0.138944 0.767588
0.708755 0.585624
0.062246 0.161763
0.232268 0.109022
0.764291 0.207012
0.082780 0.680077
0.484249 0.710822
0.191034 0.387091
0.322803 0.817322
0.854811 0.345428
0.625068 0.301398
0.440190 0.810560
0.710860 0.340172
0.997329 0.702738
0.728811 0.425193
0.158114 0.245676
0.368856 0.236125
0.336763 0.652545
0.181959 0.237125
0.136103 0.260618
0.526792 0.629315
0.079083 0.303421
0.123245 0.774385
0.661021 0.855157
0.461294 0.051972
0.158329 0.836272
0.193248 0.680476
0.247346 0.662944
0.014680 0.461184
0.501061 0.484033
0.790698 0.315609
0.979381 0.884702
0.396710 0.565640
0.160451 0.887974
0.671767 0.791310
0.706861 0.897706
0.927995 0.572114
0.297822 0.376341
0.233630 0.232524
0.487064 0.394687
0.880586 0.375109
0.080236 0.296549
0.516122 0.568242
0.442837 0.546877
0.143328 0.787802
0.012588 0.670073
0.244609 0.074758
0.695139 0.247924
0.990034 0.856941
0.581347 0.095857
0.743276 0.687418
0.686814 0.701614
0.254351 0.883994
0.944894 0.322814
0.699036 0.817091
0.157829 0.235199
0.050730 0.791488
0.345752 0.912494
0.647428 0.206083
0.874582 0.663340
0.823427 0.249355
0.649525 0.651418
0.050191 0.386752
0.018951 0.192601
0.957388 0.787792
0.709717 0.137665
0.069138 0.091348
0.518855 0.871760
0.015416 0.876608
0.396100 0.646507
0.033662 0.186297
0.083365 0.347945
0.948027 0.755061
0.091157 0.819898
0.390428 0.544269
0.582466 0.386425
0.219888 0.822656
0.037115 0.461497
0.957940 0.764338
0.801388 0.068997
0.907327 0.391077
0.082623 0.292924
0.919683 0.565695
0.600253 0.806035
0.962612 0.071114
0.704273 0.938604
0.752636 0.201660
0.989782 0.401196
0.318167 0.704584
0.427781 0.643509
0.072850 0.425479
0.412863 0.743817
0.659464 0.025136
0.090118 0.564488
0.578228 0.706908
0.287299 0.386093
0.668035 0.061467
0.744850 0.207549
0.016624 0.992874
0.971947 0.989311
0.184214 0.736268
0.439066 0.194754
0.520708 0.317629
0.522411 0.014440
0.960306 0.802447
0.482422 0.476492
0.285384 0.098066
0.992066 0.667314
0.023154 0.755748
0.417676 0.455133
0.613995 0.326052
0.106556 0.584640
0.588593 0.394759
0.376766 0.796607
0.182534 0.859396
0.745531 0.137267
0.356780 0.803133
0.166477 0.001953
0.841747 0.499475
0.031623 0.525481
0.987074 0.427176
0.798896 0.504702
