100
0.603645 0.669141
0.230783 0.852077
0.520120 0.740462
0.683453 0.835063
0.604667 0.090243
0.918473 0.805667
0.190553 0.209972
0.254096 0.104699
0.512863 0.761356
0.165538 0.417048
0.564510 0.152463
0.407590 0.643001
0.820123 0.915545
0.292890 0.201440
0.371837 0.260149
0.415000 0.207301
0.507792 0.636026
0.257101 0.978375
0.158935 0.586965
0.987273 0.386586
0.272299 0.156712
0.819966 0.344669
0.730227 0.420538
0.666476 0.121858
0.374509 0.751805
0.284426 0.827676
0.959028 0.180171
0.226583 0.381470
0.985357 0.407224
0.605418 0.425925
0.298431 0.274287
0.108376 0.274783
0.161441 0.879660
0.132914 0.734266
0.435037 0.196469
0.175916 0.378535
0.387956 0.014105
0.401282 0.502232
0.263561 0.573638
0.898315 0.862842
0.373775 0.305621
0.316664 0.669204
0.226446 0.382396
0.807674 0.763960
0.154624 0.221054
0.167905 0.159989
0.170232 0.996946
0.161386 0.798808
0.725860 0.344501
0.774166 0.260892
0.525765 0.479671
0.643100 0.140002
0.805924 0.785983
0.779721 0.927952
0.586549 0.980800
0.054679 0.030519
0.365202 0.871619
0.344262 0.208165
0.248156 0.045093
0.677738 0.314901
0.632596 0.485065
0.321346 0.790819
0.381215 0.879214
0.510222 0.763132
0.961787 0.320170
0.834703 0.648103
0.651307 0.260394
0.734700 0.194089
0.280720 0.078652
0.321012 0.649808
0.138219 0.300884
0.634662 0.325389
0.172667 0.965087
0.034577 0.334271
0.321806 0.865653
0.046936 0.050499
0.574054 0.163637
0.664223 0.679054
0.573312 0.056205
0.025450 0.296499
0.972676 0.250247
0.366345 0.344336
0.959197 0.741382
0.118186 0.356884
0.380493 0.656898
0.624943 0.569856
0.554360 0.154627
0.613690 0.984583
0.329689 0.223341
0.677983 0.245346
0.129000 0.126970
0.407948 0.047519
0.645716 0.032631
0.687578 0.534875
0.375387 0.677009
0.261545 0.170939
0.730767 0.952724
0.193070 0.078868
0.459923 0.741317
0.976179 0.130665
