400
0.593727 0.891023
0.779913 0.158398
0.328225 0.767608
0.729640 0.080208
0.690932 0.188168
0.861751 0.461323
0.592411 0.869164
0.051553 0.487004
0.613826 0.154052
0.051561 0.556543
0.504998 0.132513
0.784674 0.544080
0.038455 0.676847
0.590791 0.433954
0.649456 0.612435
0.736755 0.417688
0.361849 0.205955
0.927661 0.757420
0.135455 0.609335
0.705472 0.460337
0.512087 0.751667
0.239481 0.570702
0.396585 0.648253
0.557142 0.582417
0.938986 0.259028
0.747994 0.975949
0.516578 0.191760
0.337996 0.040212
0.445637 0.112573
0.611154 0.513149
0.944962 0.044283
0.487533 0.357726
0.788476 0.699285
0.232449 0.742545
0.292316 0.734972
0.586460 0.635415
0.710426 0.679989
0.115685 0.684033
0.824105 0.067870
0.347768 0.526896
0.350645 0.950920
0.668449 0.045453
0.505563 0.391874
0.758393 0.454205
0.080498 0.293257
0.201920 0.231902
0.133142 0.147022
0.693037 0.198939
0.754404 0.788591
0.360273 0.013362
0.163373 0.165957
0.679802 0.475430
0.489338 0.539331
0.129209 0.085805
0.780439 0.503119
0.516755 0.636857
0.057651 0.789843
0.852123 0.692478
0.785393 0.739893
0.876161 0.986983
0.146911 0.658463
0.452296 0.486489
0.749006 0.967819
0.804838 0.192051
0.923794 0.118423
0.892372 0.557210
0.266556 0.427609
0.086706 0.635448
0.796908 0.136940
0.841591 0.723936
0.700875 0.473790
0.043655 0.578417
0.925224 0.362868
0.993675 0.337026
0.062598 0.464737
0.374237 0.006272
0.932016 0.349228
0.569726 0.785153
0.907093 0.424449
0.413308 0.051101
0.338064 0.843716
0.646202 0.710113
0.586949 0.485914
0.804529 0.836041
0.444093 0.599932
0.640308 0.493754
0.919558 0.191504
0.583436 0.194700
0.812135 0.333896
0.261774 0.906351
0.025634 0.896175
0.614308 0.057152
0.163351 0.552580
0.524306 0.921398
0.397755 0.888053
0.119384 0.659852
0.575864 0.621026
0.044889 0.338802
0.644886 0.878352
0.373163 0.278230
0.232624 0.322044
0.692498 0.636168
0.049046 0.332050
0.821650 0.201021
0.889018 0.055553
0.074315 0.915855
0.365976 0.544681
0.773066 0.156043
0.378286 0.062085
0.791860 0.501688
0.830754 0.580072
0.769037 0.144772
0.145035 0.208492
0.934369 0.555040
0.663298 0.755345
0.759663 0.299405
0.549053 0.901941
0.461537 0.224688
0.367618 0.943027
0.621229 0.338471
0.895850 0.882131
0.378402 0.417125
0.487965 0.662795
0.451049 0.877704
0.411836 0.829242
0.572866 0.676385
0.098695 0.699261
0.357839 0.672136
0.429740 0.569163
0.637774 0.856731
0.295730 0.117421
0.927820 0.849672
0.027342 0.718595
0.271467 0.508107
0.291616 0.196173
0.229739 0.194473
0.011511 0.961138
0.138978 0.835141
0.483054 0.285563
0.299809 0.733582
0.719901 0.900202
0.404222 0.615077
0.073081 0.598351
0.092982 0.617285
0.219070 0.700048
0.288880 0.283832
0.837591 0.701095
0.407229 0.126338
0.283630 0.674087
0.619579 0.245599
0.706985 0.178831
0.351999 0.602283
0.013417 0.366517
0.519613 0.242295
0.917659 0.140094
0.447358 0.477244
0.637499 0.635274
0.961937 0.110377
0.571566 0.754467
0.253368 0.641431
0.296251 0.014942
0.977114 0.684607
0.020962 0.360351
0.709857 0.723473
0.112229 0.114006
0.363776 0.674341
0.360254 0.053742
0.708738 0.708574
0.528913 0.726432
0.689983 0.049738
0.386351 0.709002
0.286074 0.182414
0.717317 0.348613
0.712130 0.861195
0.862933 0.100648
0.893512 0.945273
0.088493 0.955099
0.895745 0.903169
0.561500 0.923055
0.114697 0.997582
0.971798 0.075902
0.942566 0.057364
0.551030 0.140499
0.553688 0.949584
0.563172 0.297340
0.620487 0.370984
0.485921 0.429836
0.684407 0.334180
0.790751 0.303952
0.703025 0.207413
0.490361 0.880908
0.693552 0.124329
0.536378 0.772599
0.379407 0.641657
0.784453 0.010285
0.651289 0.215245
0.027444 0.765401
0.247165 0.034803
0.586542 0.369609
0.889553 0.054593
0.421695 0.947844
0.400211 0.608813
0.979193 0.738978
0.001495 0.696534
0.142438 0.501606
0.688178 0.474561
0.146408 0.616839
0.925624 0.811989
0.274552 0.704688
0.768843 0.866127
0.378800 0.838066
0.642918 0.591662
0.471310 0.245001
0.886479 0.770699
0.667118 0.408873
0.876230 0.545404
0.817657 0.595950
0.085634 0.815814
0.238414 0.229873
0.530522 0.600512
0.003611 0.317824
0.151003 0.157516
0.975683 0.946615
0.180358 0.647292
0.469456 0.021649
0.314771 0.820728
0.958002 0.259361
0.963651 0.415990
0.679934 0.014880
0.550761 0.958705
0.739749 0.683993
0.234988 0.353806
0.936976 0.595651
0.013776 0.553516
0.225607 0.247559
0.671706 0.150962
0.572567 0.181481
0.537579 0.434898
0.582153 0.931138
0.539620 0.565563
0.863830 0.184320
0.113377 0.449188
0.112690 0.508244
0.064482 0.003817
0.149740 0.091873
0.676028 0.449481
0.221230 0.800388
0.059066 0.376968
0.369421 0.749502
0.817761 0.515433
0.005791 0.348458
0.393333 0.868268
0.343020 0.502809
0.899579 0.963432
0.190199 0.476464
0.495774 0.393020
0.431878 0.041899
0.885076 0.595567
0.186812 0.707325
0.336139 0.282217
0.993995 0.532872
0.739489 0.716662
0.948843 0.341497
0.275016 0.023968
0.920463 0.956768
0.018263 0.472266
0.165928 0.263339
0.826721 0.008987
0.327451 0.425189
0.721794 0.658138
0.240831 0.462483
0.299536 0.106713
0.595179 0.271857
0.784200 0.669054
0.913638 0.288408
0.871394 0.391436
0.306394 0.879897
0.691687 0.164503
0.727008 0.999836
0.952778 0.217398
0.837500 0.081927
0.504356 0.548915
0.591987 0.897954
0.161485 0.234810
0.107562 0.374961
0.531077 0.507192
0.488700 0.411855
0.344811 0.749645
0.790822 0.323443
0.101382 0.435218
0.808663 0.550800
0.726019 0.550075
0.568830 0.023941
0.010657 0.537044
0.758945 0.510548
0.215560 0.416269
0.549446 0.002429
0.219015 0.303538
0.690944 0.029246
0.168113 0.699556
0.443820 0.598523
0.476333 0.427839
0.117664 0.324394
0.257657 0.892670
0.176110 0.721745
0.943136 0.419374
0.971104 0.098649
0.639841 0.953203
0.510217 0.104213
0.665647 0.281467
0.453761 0.929845
0.122788 0.180961
0.511090 0.345445
0.112353 0.158032
0.145082 0.613254
0.023070 0.052691
0.596521 0.349103
0.359705 0.548439
0.135910 0.111782
0.254711 0.900844
0.409927 0.237767
0.193493 0.740639
0.609106 0.671473
0.784498 0.633280
0.110849 0.440851
0.645165 0.936869
0.587920 0.260435
0.933135 0.194301
0.075792 0.084532
0.051620 0.748790
0.357309 0.270341
0.995431 0.883214
0.547631 0.752959
0.148151 0.070592
0.014741 0.254611
0.897020 0.012846
0.991393 0.936359
0.415805 0.617356
0.225279 0.851791
0.809710 0.972967
0.140263 0.800798
0.211069 0.346844
0.775094 0.706411
0.982309 0.873547
0.635131 0.370378
0.111008 0.728979
0.142836 0.403977
0.313961 0.654363
0.651857 0.927228
0.234391 0.120814
0.518182 0.134830
0.061002 0.035144
0.003791 0.503540
0.307018 0.496794
0.239238 0.593691
0.344723 0.845154
0.217065 0.583007
0.816070 0.653487
0.115906 0.540612
0.080319 0.068626
0.574142 0.269613
0.783953 0.024199
0.489282 0.673769
0.355735 0.431912
0.985162 0.525939
0.052794 0.623176
0.124641 0.834130
0.760988 0.613938
0.902433 0.820160
0.972134 0.148751
0.091784 0.225372
0.853077 0.545154
0.649510 0.779284
0.270364 0.100260
0.333642 0.798551
0.071344 0.775706
0.473579 0.283705
0.811007 0.550879
0.251837 0.132827
0.991069 0.937631
0.411257 0.787454
0.604212 0.126476
0.709454 0.735996
0.127586 0.051029
0.352419 0.265302
0.725402 0.090528
0.289356 0.937236
0.153601 0.795167
0.645149 0.621534
0.155222 0.314965
0.897786 0.693032
0.472586 0.697894
0.239651 0.440382
0.945568 0.379018
0.256016 0.159197
0.760533 0.475201
0.523466 0.819728
0.262125 0.727963
0.727071 0.605098
0.623801 0.942574
