400
0.028911 0.248501
0.060511 0.228183
0.102464 0.236555
0.210243 0.28918
0.19295 0.374016
0.244682 0.322001
0.333798 0.356652
0.297071 0.330155
0.297325 0.277236
0.424772 0.15111
0.360264 0.167297
0.327781 0.217963
0.301828 0.213063
0.275813 0.266329
0.231073 0.252158
0.194248 0.233397
0.163865 0.230024
0.156196 0.206736
0.232601 0.167881
0.278078 0.131715
0.187972 0.107547
0.185171 0.119424
0.150647 0.175925
0.129129 0.206808
0.107591 0.185153
0.075026 0.195407
0.016954 0.188085
0.052111 0.161672
0.020474 0.12981
0.035036 0.111511
0.076685 0.109011
0.153005 0.127322
0.111887 0.116645
0.094245 0.065221
0.073019 0.052161
0.049713 0.045019
0.033032 0.04845
0.024118 0.02287
0.270954 0.024101
0.294469 0.001819
0.361212 0.027467
0.313835 0.094301
0.373629 0.063693
0.39876 0.047801
0.406249 0.036466
0.43912 0.021277
0.427585 0.086576
0.443211 0.074163
0.49046 0.060724
0.524629 0.071912
0.55405 0.103398
0.546197 0.07904
0.596299 0.040699
0.627124 0.080747
0.649835 0.069635
0.690504 0.042011
0.664403 0.150377
0.596322 0.154105
0.58765 0.167035
0.50595 0.147267
0.506439 0.200171
0.505588 0.250799
0.388161 0.249096
0.406712 0.266417
0.433149 0.266732
0.454947 0.295417
0.455594 0.300486
0.479309 0.325983
0.454097 0.413112
0.425482 0.441893
0.376032 0.428068
0.399674 0.347027
0.386262 0.366747
0.267239 0.479212
0.310579 0.512684
0.31149 0.487897
0.335142 0.450653
0.297061 0.584231
0.343396 0.538022
0.402432 0.487299
0.405902 0.485692
0.442853 0.56612
0.469295 0.539292
0.428264 0.532228
0.447367 0.487733
0.440796 0.463261
0.466807 0.43363
0.462987 0.4147
0.488727 0.479481
0.540869 0.453933
0.499287 0.439197
0.49155 0.407498
0.49851 0.394297
0.523878 0.322568
0.540105 0.324628
0.599235 0.310739
0.553311 0.263911
0.532418 0.252436
0.543081 0.227435
0.542849 0.167369
0.58467 0.173685
0.616653 0.185094
0.702221 0.204873
0.659587 0.2544
0.699045 0.24448
0.729176 0.185919
0.716568 0.189534
0.684552 0.174006
0.676701 0.142569
0.710837 0.095568
0.745689 0.10217
0.746206 0.087884
0.726997 0.065323
0.711925 0.053635
0.729122 0.026111
0.801805 0.082999
0.791167 0.032536
0.820748 0.022071
0.93244 0.024388
0.936879 0.0367
0.963228 0.041195
0.982011 0.109793
0.963965 0.260526
0.910189 0.183621
0.911616 0.127695
0.906689 0.144856
0.893041 0.084435
0.852669 0.100723
0.838863 0.12731
0.813867 0.16731
0.87019 0.152278
0.883228 0.18749
0.875062 0.201062
0.825985 0.229547
0.831731 0.23039
0.899501 0.242976
0.892237 0.277421
0.848266 0.319161
0.749004 0.284308
0.742321 0.335016
0.709773 0.334562
0.70595 0.350153
0.68142 0.334052
0.66158 0.378799
0.671039 0.402926
0.618625 0.479858
0.648368 0.441224
0.672715 0.406825
0.692011 0.408394
0.676987 0.381977
0.684752 0.383964
0.693238 0.374989
0.690848 0.356853
0.709603 0.354023
0.745078 0.363998
0.781328 0.331448
0.787485 0.38362
0.735795 0.430133
0.753083 0.416548
0.763236 0.416505
0.797428 0.419792
0.836835 0.390262
0.865411 0.347671
0.919534 0.372759
0.896047 0.307493
0.926505 0.306575
0.977417 0.31647
0.999995 0.401061
0.97702 0.432276
0.976165 0.433117
0.973521 0.448252
0.929997 0.495452
0.945983 0.521184
0.919899 0.554919
0.870929 0.477314
0.854441 0.455207
0.848694 0.489709
0.856188 0.529658
0.849879 0.535626
0.781281 0.515955
0.744918 0.521029
0.74348 0.530671
0.732314 0.557822
0.678064 0.506723
0.651779 0.513048
0.622137 0.500505
0.571128 0.568607
0.525458 0.598503
0.487298 0.620648
0.520308 0.626767
0.395035 0.606313
0.437107 0.63168
0.447751 0.639641
0.436462 0.657708
0.392862 0.672112
0.40702 0.69701
0.394627 0.727897
0.437254 0.720954
0.447685 0.706302
0.455749 0.694172
0.478252 0.660553
0.505072 0.667177
0.546704 0.750031
0.567537 0.74209
0.638652 0.722151
0.67131 0.733352
0.655395 0.704862
0.650017 0.693299
0.623417 0.705729
0.580728 0.677879
0.543906 0.659888
0.560913 0.607503
0.574095 0.593828
0.612474 0.611984
0.617316 0.585676
0.594726 0.561908
0.59468 0.559215
0.624544 0.52598
0.645088 0.533757
0.665633 0.554281
0.662258 0.568506
0.686234 0.621628
0.693091 0.657637
0.700702 0.644155
0.747725 0.645998
0.787539 0.665582
0.797501 0.627547
0.786313 0.628123
0.750512 0.603013
0.745439 0.593634
0.780606 0.558881
0.823418 0.579789
0.875338 0.557517
0.88954 0.58167
0.943818 0.600522
0.985876 0.723936
0.988942 0.751207
0.994836 0.803874
0.960479 0.789339
0.886909 0.784736
0.909495 0.737459
0.898775 0.723741
0.904886 0.664918
0.887555 0.677283
0.862416 0.705178
0.810763 0.718305
0.751137 0.739721
0.795111 0.757771
0.848955 0.738462
0.850823 0.765898
0.733368 0.749891
0.735299 0.770426
0.789001 0.775334
0.830268 0.789209
0.867453 0.802286
0.846555 0.865296
0.796384 0.834739
0.765824 0.834485
0.762792 0.836354
0.721578 0.832032
0.66838 0.879711
0.657476 0.871958
0.636333 0.856778
0.660123 0.791511
0.653678 0.80466
0.624102 0.809715
0.612749 0.827515
0.610977 0.883204
0.570587 0.872405
0.585545 0.925207
0.623687 0.914995
0.633286 0.897278
0.724796 0.906243
0.722663 0.893219
0.7311 0.885493
0.761228 0.880253
0.818739 0.854406
0.839277 0.879904
0.87878 0.870072
0.873645 0.857017
0.892591 0.840347
0.895667 0.841714
0.905514 0.818763
0.949113 0.796299
0.967088 0.817124
0.982401 0.820309
0.954985 0.886189
0.985479 0.934745
0.951131 0.921333
0.915825 0.930946
0.939612 0.944021
0.933581 0.982415
0.90752 0.965533
0.890966 0.955173
0.851637 0.989759
0.834176 0.987357
0.841185 0.956597
0.813803 0.952788
0.813315 0.967648
0.788151 0.945625
0.778815 0.957818
0.707226 0.990198
0.608549 0.981918
0.597927 0.999984
0.504571 0.987656
0.493575 0.992547
0.480085 0.970893
0.485433 0.9474
0.460291 0.950527
0.442186 0.860873
0.460013 0.797361
0.437745 0.829355
0.427983 0.850248
0.379825 0.84601
0.325282 0.810271
0.272123 0.725969
0.283343 0.801489
0.280661 0.82225
0.233387 0.849564
0.250619 0.845365
0.281174 0.835648
0.352376 0.878765
0.389356 0.862638
0.41978 0.862011
0.44039 0.8895
0.44229 0.946628
0.422074 0.963726
0.314361 0.989325
0.293344 0.961042
0.271417 0.973608
0.249339 0.951534
0.320999 0.908921
0.299204 0.917651
0.274616 0.920781
0.211521 0.869481
0.239547 0.932926
0.165988 0.970796
0.100094 0.969352
0.070848 0.993739
0.073554 0.982233
0.046868 0.94818
0.007977 0.832815
0.030526 0.800591
0.065083 0.796198
0.08619 0.868341
0.198742 0.875738
0.149585 0.829771
0.127594 0.836564
0.092291 0.826439
0.086304 0.818062
0.151143 0.745481
0.16815 0.703306
0.204808 0.697573
0.235959 0.720473
0.224202 0.689
0.216456 0.667581
0.282495 0.605518
0.24717 0.631766
0.209235 0.592239
0.19488 0.623277
0.18631 0.621706
0.17279 0.657437
0.159837 0.667515
0.110623 0.60121
0.115249 0.61768
0.075679 0.653418
0.08457 0.66866
0.112798 0.667372
0.141847 0.69817
0.099897 0.73594
0.089692 0.738415
0.075316 0.762186
0.049577 0.749937
0.025686 0.747874
0.016953 0.732226
0.007504 0.597735
0.033917 0.569498
0.092928 0.539734
0.143223 0.537152
0.074728 0.492021
0.061549 0.510063
0.064394 0.543026
0.045583 0.55467
0.015105 0.552388
0.023058 0.545481
0.02035 0.511466
0.034954 0.438648
0.0412 0.41529
0.047425 0.362843
0.038016 0.347969
0.107767 0.430996
0.18802 0.461596
0.185352 0.439759
0.112012 0.422654
0.116381 0.365193
0.072128 0.341692
0.064668 0.313488
0.039611 0.293468
0.01857 0.295609
0.005935 0.273264
